      #Energy        TDOS
     -12.73788       0.00000
     -12.71488       0.00000
     -12.69188       0.00000
     -12.66888       0.00000
     -12.64588       0.00000
     -12.62288       0.00000
     -12.59988       0.00000
     -12.57688       0.00000
     -12.55488       0.00000
     -12.53188       0.00000
     -12.50888       0.00000
     -12.48588       0.00000
     -12.46288       0.00000
     -12.43988       0.00000
     -12.41688       0.00000
     -12.39488       0.00000
     -12.37188       0.00000
     -12.34888       0.00000
     -12.32588       0.00000
     -12.30288       0.00000
     -12.27988       0.00000
     -12.25688       0.00000
     -12.23488       0.00000
     -12.21188       0.00000
     -12.18888       0.00000
     -12.16588       0.00000
     -12.14288       0.00000
     -12.11988       0.00000
     -12.09688       0.00000
     -12.07488       0.00000
     -12.05188       0.00000
     -12.02888       0.00000
     -12.00588       0.00000
     -11.98288       0.00000
     -11.95988       0.00000
     -11.93688       0.00000
     -11.91488       0.00000
     -11.89188       0.00000
     -11.86888       0.00000
     -11.84588       0.00000
     -11.82288       0.00000
     -11.79988       0.00000
     -11.77688       0.00000
     -11.75488       0.00000
     -11.73188       0.00000
     -11.70888       0.00000
     -11.68588       0.00000
     -11.66288       0.00000
     -11.63988       0.00000
     -11.61688       0.00000
     -11.59488       0.00000
     -11.57188       0.00000
     -11.54888       0.00000
     -11.52588       0.00000
     -11.50288       0.00000
     -11.47988       0.00000
     -11.45688       0.00000
     -11.43488       0.00000
     -11.41188       0.00000
     -11.38888       0.00000
     -11.36588       0.00000
     -11.34288       0.00000
     -11.31988       0.00000
     -11.29688       0.00000
     -11.27488       0.00000
     -11.25188       0.00000
     -11.22888       0.00000
     -11.20588       0.00000
     -11.18288       0.00000
     -11.15988       0.00000
     -11.13688       0.00000
     -11.11388       0.00000
     -11.09188       0.00000
     -11.06888       0.00000
     -11.04588       0.00000
     -11.02288       0.00000
     -10.99988       0.00000
     -10.97688       0.00000
     -10.95388       0.00000
     -10.93188       0.00000
     -10.90888       0.00000
     -10.88588       0.00000
     -10.86288       0.00000
     -10.83988       0.00000
     -10.81688       0.00000
     -10.79388       0.00000
     -10.77188       0.00000
     -10.74888       0.00000
     -10.72588       0.00000
     -10.70288       0.00000
     -10.67988       0.00000
     -10.65688       0.00000
     -10.63388       0.00000
     -10.61188       0.00000
     -10.58888       0.00000
     -10.56588       0.00000
     -10.54288       0.00000
     -10.51988       0.00000
     -10.49688       0.00000
     -10.47388       0.00000
     -10.45188       0.00000
     -10.42888       0.00000
     -10.40588       0.00000
     -10.38288       0.00000
     -10.35988       0.00000
     -10.33688       0.00000
     -10.31388       0.00000
     -10.29188       0.00000
     -10.26888       0.00000
     -10.24588       0.00000
     -10.22288       0.00000
     -10.19988       0.00000
     -10.17688       0.00000
     -10.15388       0.00000
     -10.13188       0.00000
     -10.10888       0.00000
     -10.08588       0.00000
     -10.06288       0.00000
     -10.03988       0.00000
     -10.01688       0.00000
      -9.99388       0.00000
      -9.97188       0.00000
      -9.94888       0.00000
      -9.92588       0.00000
      -9.90288       0.00000
      -9.87988       0.00000
      -9.85688       0.00000
      -9.83388       0.00000
      -9.81188       0.00000
      -9.78888       0.00000
      -9.76588       0.00000
      -9.74288       0.00000
      -9.71988       0.00001
      -9.69688       0.00005
      -9.67388       0.00026
      -9.65088       0.00101
      -9.62888       0.00285
      -9.60588       0.00609
      -9.58288       0.01030
      -9.55988       0.01461
      -9.53688       0.01841
      -9.51388       0.02158
      -9.49088       0.02430
      -9.46888       0.02671
      -9.44588       0.02892
      -9.42288       0.03097
      -9.39988       0.03289
      -9.37688       0.03471
      -9.35388       0.03647
      -9.33088       0.03810
      -9.30888       0.03972
      -9.28588       0.04134
      -9.26288       0.04275
      -9.23988       0.04416
      -9.21688       0.04577
      -9.19388       0.04712
      -9.17088       0.04823
      -9.14888       0.04972
      -9.12588       0.05132
      -9.10288       0.05232
      -9.07988       0.05321
      -9.05688       0.05483
      -9.03388       0.05648
      -9.01088       0.05720
      -8.98888       0.05783
      -8.96588       0.05944
      -8.94288       0.06131
      -8.91988       0.06215
      -8.89688       0.06232
      -8.87388       0.06342
      -8.85088       0.06560
      -8.82888       0.06716
      -8.80588       0.06723
      -8.78288       0.06726
      -8.75988       0.06895
      -8.73688       0.07141
      -8.71388       0.07254
      -8.69088       0.07228
      -8.66888       0.07235
      -8.64588       0.07390
      -8.62288       0.07652
      -8.59988       0.07819
      -8.57688       0.07779
      -8.55388       0.07708
      -8.53088       0.07833
      -8.50888       0.08123
      -8.48588       0.08351
      -8.46288       0.08364
      -8.43988       0.08249
      -8.41688       0.08259
      -8.39388       0.08500
      -8.37088       0.08790
      -8.34888       0.08934
      -8.32588       0.08919
      -8.30288       0.08816
      -8.27988       0.08801
      -8.25688       0.09054
      -8.23388       0.09435
      -8.21088       0.09598
      -8.18788       0.09473
      -8.16588       0.09330
      -8.14288       0.09381
      -8.11988       0.09636
      -8.09688       0.09979
      -8.07388       0.10190
      -8.05088       0.10130
      -8.02788       0.09968
      -8.00588       0.09940
      -7.98288       0.10130
      -7.95988       0.10450
      -7.93688       0.10750
      -7.91388       0.10880
      -7.89088       0.10750
      -7.86788       0.10510
      -7.84588       0.10510
      -7.82288       0.10920
      -7.79988       0.11370
      -7.77688       0.11510
      -7.75388       0.11440
      -7.73088       0.11320
      -7.70788       0.11230
      -7.68588       0.11290
      -7.66288       0.11620
      -7.63988       0.12060
      -7.61688       0.12280
      -7.59388       0.12200
      -7.57088       0.12010
      -7.54788       0.11910
      -7.52588       0.11990
      -7.50288       0.12300
      -7.47988       0.12810
      -7.45688       0.13140
      -7.43388       0.13030
      -7.41088       0.12700
      -7.38788       0.12580
      -7.36588       0.12780
      -7.34288       0.13160
      -7.31988       0.13510
      -7.29688       0.13760
      -7.27388       0.13870
      -7.25088       0.13780
      -7.22788       0.13530
      -7.20588       0.13410
      -7.18288       0.13720
      -7.15988       0.14300
      -7.13688       0.14690
      -7.11388       0.14800
      -7.09088       0.14730
      -7.06788       0.14510
      -7.04588       0.14310
      -7.02288       0.14450
      -6.99988       0.15000
      -6.97688       0.15580
      -6.95388       0.15800
      -6.93088       0.15700
      -6.90788       0.15590
      -6.88588       0.15530
      -6.86288       0.15490
      -6.83988       0.15620
      -6.81688       0.16130
      -6.79388       0.16820
      -6.77088       0.17130
      -6.74788       0.16910
      -6.72488       0.16600
      -6.70288       0.16520
      -6.67988       0.16680
      -6.65688       0.17090
      -6.63388       0.17690
      -6.61088       0.18180
      -6.58788       0.18330
      -6.56488       0.18170
      -6.54288       0.17950
      -6.51988       0.17910
      -6.49688       0.18150
      -6.47388       0.18630
      -6.45088       0.19250
      -6.42788       0.19800
      -6.40488       0.20000
      -6.38288       0.19730
      -6.35988       0.19380
      -6.33688       0.19450
      -6.31388       0.19960
      -6.29088       0.20620
      -6.26788       0.21240
      -6.24488       0.21660
      -6.22288       0.21770
      -6.19988       0.21600
      -6.17688       0.21400
      -6.15388       0.21500
      -6.13088       0.22090
      -6.10788       0.22970
      -6.08488       0.23730
      -6.06288       0.24100
      -6.03988       0.24070
      -6.01688       0.23850
      -5.99388       0.23830
      -5.97088       0.24250
      -5.94788       0.25060
      -5.92488       0.26050
      -5.90288       0.26890
      -5.87988       0.27200
      -5.85688       0.27070
      -5.83388       0.26960
      -5.81088       0.27220
      -5.78788       0.28010
      -5.76488       0.29260
      -5.74288       0.30480
      -5.71988       0.31190
      -5.69688       0.31360
      -5.67388       0.31310
      -5.65088       0.31500
      -5.62788       0.32380
      -5.60488       0.33990
      -5.58288       0.35790
      -5.55988       0.37070
      -5.53688       0.37560
      -5.51388       0.37630
      -5.49088       0.38010
      -5.46788       0.39520
      -5.44488       0.42320
      -5.42288       0.45300
      -5.39988       0.47050
      -5.37688       0.47650
      -5.35388       0.48870
      -5.33088       0.52230
      -5.30788       0.57500
      -5.28488       0.62930
      -5.26188       0.66910
      -5.23988       0.69190
      -5.21688       0.70720
      -5.19388       0.72570
      -5.17088       0.75250
      -5.14788       0.78760
      -5.12488       0.83280
      -5.10188       0.89300
      -5.07988       0.96680
      -5.05688       1.03900
      -5.03388       1.09200
      -5.01088       1.12300
      -4.98788       1.13600
      -4.96488       1.14100
      -4.94188       1.14200
      -4.91988       1.14900
      -4.89688       1.16100
      -4.87388       1.17200
      -4.85088       1.17700
      -4.82788       1.18400
      -4.80488       1.19200
      -4.78188       1.20100
      -4.75988       1.21000
      -4.73688       1.22300
      -4.71388       1.23200
      -4.69088       1.23800
      -4.66788       1.25100
      -4.64488       1.27900
      -4.62188       1.32300
      -4.59988       1.39100
      -4.57688       1.48500
      -4.55388       1.58700
      -4.53088       1.67700
      -4.50788       1.75200
      -4.48488       1.82200
      -4.46188       1.88600
      -4.43988       1.94500
      -4.41688       2.00300
      -4.39388       2.06200
      -4.37088       2.12700
      -4.34788       2.19700
      -4.32488       2.26800
      -4.30188       2.32600
      -4.27988       2.35800
      -4.25688       2.36200
      -4.23388       2.34200
      -4.21088       2.30000
      -4.18788       2.23800
      -4.16488       2.16300
      -4.14188       2.08800
      -4.11988       2.02800
      -4.09688       1.99100
      -4.07388       1.98200
      -4.05088       1.99800
      -4.02788       2.02400
      -4.00488       2.04600
      -3.98188       2.05800
      -3.95888       2.06100
      -3.93688       2.05600
      -3.91388       2.04300
      -3.89088       2.02500
      -3.86788       2.00200
      -3.84488       1.97500
      -3.82188       1.94600
      -3.79888       1.92100
      -3.77688       1.90900
      -3.75388       1.92700
      -3.73088       1.98900
      -3.70788       2.09700
      -3.68488       2.23100
      -3.66188       2.36100
      -3.63888       2.46400
      -3.61688       2.54100
      -3.59388       2.60500
      -3.57088       2.66500
      -3.54788       2.72500
      -3.52488       2.78600
      -3.50188       2.84800
      -3.47888       2.90800
      -3.45688       2.96200
      -3.43388       2.99900
      -3.41088       3.01100
      -3.38788       3.00500
      -3.36488       3.00200
      -3.34188       3.02000
      -3.31888       3.07100
      -3.29688       3.15800
      -3.27388       3.28700
      -3.25088       3.45100
      -3.22788       3.61800
      -3.20488       3.73500
      -3.18188       3.77000
      -3.15888       3.73600
      -3.13688       3.68600
      -3.11388       3.67100
      -3.09088       3.71200
      -3.06788       3.80600
      -3.04488       3.95900
      -3.02188       4.17800
      -2.99888       4.43000
      -2.97688       4.59100
      -2.95388       4.50900
      -2.93088       4.17900
      -2.90788       3.76900
      -2.88488       3.43000
      -2.86188       3.19000
      -2.83888       3.01500
      -2.81688       2.87500
      -2.79388       2.75700
      -2.77088       2.65700
      -2.74788       2.57300
      -2.72488       2.50800
      -2.70188       2.46400
      -2.67888       2.44400
      -2.65688       2.44000
      -2.63388       2.44500
      -2.61088       2.46300
      -2.58788       2.50800
      -2.56488       2.60000
      -2.54188       2.74500
      -2.51888       2.92800
      -2.49588       3.10700
      -2.47388       3.24900
      -2.45088       3.34600
      -2.42788       3.41400
      -2.40488       3.47200
      -2.38188       3.53700
      -2.35888       3.61100
      -2.33588       3.66700
      -2.31388       3.65900
      -2.29088       3.58200
      -2.26788       3.48100
      -2.24488       3.38700
      -2.22188       3.30000
      -2.19888       3.21600
      -2.17588       3.14100
      -2.15388       3.08200
      -2.13088       3.04400
      -2.10788       3.02000
      -2.08488       3.00500
      -2.06188       3.00200
      -2.03888       3.00800
      -2.01588       3.02500
      -1.99388       3.05800
      -1.97088       3.10300
      -1.94788       3.15900
      -1.92488       3.23400
      -1.90188       3.33200
      -1.87888       3.45300
      -1.85588       3.60500
      -1.83388       3.81000
      -1.81088       4.09800
      -1.78788       4.49900
      -1.76488       5.00900
      -1.74188       5.53300
      -1.71888       5.87800
      -1.69588       5.85800
      -1.67388       5.42200
      -1.65088       4.70800
      -1.62788       3.93400
      -1.60488       3.25000
      -1.58188       2.66700
      -1.55888       2.10600
      -1.53588       1.53100
      -1.51388       1.02800
      -1.49088       0.69890
      -1.46788       0.52910
      -1.44488       0.43950
      -1.42188       0.39980
      -1.39888       0.40700
      -1.37588       0.42700
      -1.35388       0.41970
      -1.33088       0.39330
      -1.30788       0.38300
      -1.28488       0.39440
      -1.26188       0.40080
      -1.23888       0.38870
      -1.21588       0.37440
      -1.19388       0.37490
      -1.17088       0.38320
      -1.14788       0.38230
      -1.12488       0.37030
      -1.10188       0.36150
      -1.07888       0.36540
      -1.05588       0.37370
      -1.03288       0.37200
      -1.01088       0.35950
      -0.98788       0.34900
      -0.96488       0.34990
      -0.94188       0.35890
      -0.91888       0.36340
      -0.89588       0.35550
      -0.87288       0.34140
      -0.85088       0.33440
      -0.82788       0.33940
      -0.80488       0.34930
      -0.78188       0.35250
      -0.75888       0.34420
      -0.73588       0.33100
      -0.71288       0.32300
      -0.69088       0.32550
      -0.66788       0.33550
      -0.64488       0.34280
      -0.62188       0.33930
      -0.59888       0.32780
      -0.57588       0.31660
      -0.55288       0.31130
      -0.53088       0.31470
      -0.50788       0.32580
      -0.48488       0.33560
      -0.46188       0.33320
      -0.43888       0.31950
      -0.41588       0.30540
      -0.39288       0.29900
      -0.37088       0.30170
      -0.34788       0.31160
      -0.32488       0.32400
      -0.30188       0.32980
      -0.27888       0.32230
      -0.25588       0.30520
      -0.23288       0.28980
      -0.21088       0.28500
      -0.18788       0.29180
      -0.16488       0.30570
      -0.14188       0.31850
      -0.11888       0.32140
      -0.09588       0.31320
      -0.07288       0.29990
      -0.05088       0.28740
      -0.02788       0.27910
      -0.00488       0.27840
       0.01812       0.28580
       0.04112       0.29760
       0.06412       0.30910
       0.08712       0.31390
       0.10912       0.30770
       0.13212       0.29380
       0.15512       0.28050
       0.17812       0.27150
       0.20112       0.26720
       0.22412       0.27000
       0.24712       0.28130
       0.26912       0.29680
       0.29212       0.30730
       0.31512       0.30610
       0.33812       0.29530
       0.36112       0.28180
       0.38412       0.27020
       0.40712       0.26270
       0.43012       0.25880
       0.45212       0.25890
       0.47512       0.26720
       0.49812       0.28490
       0.52112       0.30190
       0.54412       0.30520
       0.56712       0.29370
       0.59012       0.27730
       0.61212       0.26390
       0.63512       0.25450
       0.65812       0.24910
       0.68112       0.24940
       0.70412       0.25650
       0.72712       0.26970
       0.75012       0.28560
       0.77212       0.29430
       0.79512       0.28930
       0.81812       0.27760
       0.84112       0.26850
       0.86412       0.26130
       0.88712       0.25280
       0.91012       0.24570
       0.93212       0.24380
       0.95512       0.24660
       0.97812       0.25400
       1.00112       0.26690
       1.02412       0.28090
       1.04712       0.28690
       1.07012       0.28220
       1.09212       0.27140
       1.11512       0.25870
       1.13812       0.24740
       1.16112       0.24130
       1.18412       0.24050
       1.20712       0.24090
       1.23012       0.24070
       1.25212       0.24590
       1.27512       0.26140
       1.29812       0.28020
       1.32112       0.28770
       1.34412       0.27960
       1.36712       0.26390
       1.39012       0.25040
       1.41212       0.24380
       1.43512       0.24340
       1.45812       0.24460
       1.48112       0.24440
       1.50412       0.24450
       1.52712       0.24800
       1.55012       0.25680
       1.57212       0.26830
       1.59512       0.27530
       1.61812       0.27360
       1.64112       0.26610
       1.66412       0.25740
       1.68712       0.24890
       1.71012       0.24130
       1.73212       0.23600
       1.75512       0.23310
       1.77812       0.23140
       1.80112       0.23070
       1.82412       0.23300
       1.84712       0.23990
       1.87012       0.25060
       1.89312       0.26060
       1.91512       0.26490
       1.93812       0.26040
       1.96112       0.24840
       1.98412       0.23440
       2.00712       0.22320
       2.03012       0.21670
       2.05312       0.21420
       2.07512       0.21450
       2.09812       0.21850
       2.12112       0.22550
       2.14412       0.23330
       2.16712       0.23920
       2.19012       0.24150
       2.21312       0.23920
       2.23512       0.23430
       2.25812       0.22930
       2.28112       0.22350
       2.30412       0.21600
       2.32712       0.21030
       2.35012       0.20980
       2.37312       0.21160
       2.39512       0.21030
       2.41812       0.20570
       2.44112       0.20200
       2.46412       0.20350
       2.48712       0.21100
       2.51012       0.22040
       2.53312       0.22550
       2.55512       0.22390
       2.57812       0.21770
       2.60112       0.21030
       2.62412       0.20370
       2.64712       0.19910
       2.67012       0.19570
       2.69312       0.19090
       2.71512       0.18440
       2.73812       0.18010
       2.76112       0.18200
       2.78412       0.18970
       2.80712       0.19900
       2.83012       0.20540
       2.85312       0.20690
       2.87512       0.20480
       2.89812       0.20070
       2.92112       0.19480
       2.94412       0.18840
       2.96712       0.18290
       2.99012       0.17680
       3.01312       0.17020
       3.03512       0.16690
       3.05812       0.16730
       3.08112       0.16820
       3.10412       0.16990
       3.12712       0.17510
       3.15012       0.18340
       3.17312       0.18940
       3.19512       0.18840
       3.21812       0.18250
       3.24112       0.17590
       3.26412       0.16900
       3.28712       0.16130
       3.31012       0.15540
       3.33312       0.15300
       3.35612       0.15410
       3.37812       0.15840
       3.40112       0.16210
       3.42412       0.16060
       3.44712       0.15530
       3.47012       0.15110
       3.49312       0.15180
       3.51612       0.15710
       3.53812       0.16120
       3.56112       0.15880
       3.58412       0.15070
       3.60712       0.14330
       3.63012       0.14200
       3.65312       0.14580
       3.67612       0.14870
       3.69812       0.14800
       3.72112       0.14440
       3.74412       0.13850
       3.76712       0.13200
       3.79012       0.12700
       3.81312       0.12340
       3.83612       0.12250
       3.85812       0.13030
       3.88112       0.15020
       3.90412       0.17580
       3.92712       0.19810
       3.95012       0.21570
       3.97312       0.23110
       3.99612       0.24300
       4.01812       0.24800
       4.04112       0.24770
       4.06412       0.24840
       4.08712       0.25340
       4.11012       0.26010
       4.13312       0.26610
       4.15612       0.27020
       4.17812       0.27170
       4.20112       0.27280
       4.22412       0.27750
       4.24712       0.28480
       4.27012       0.29130
       4.29312       0.29590
       4.31612       0.29690
       4.33812       0.29210
       4.36112       0.28560
       4.38412       0.28310
       4.40712       0.28340
       4.43012       0.28260
       4.45312       0.28060
       4.47612       0.27970
       4.49812       0.28030
       4.52112       0.28110
       4.54412       0.28160
       4.56712       0.28480
       4.59012       0.29330
       4.61312       0.30180
       4.63612       0.30190
       4.65812       0.29410
       4.68112       0.28460
       4.70412       0.27660
       4.72712       0.27350
       4.75012       0.27800
       4.77312       0.28400
       4.79612       0.28290
       4.81912       0.27680
       4.84112       0.27570
       4.86412       0.28290
       4.88712       0.29160
       4.91012       0.29410
       4.93312       0.28980
       4.95612       0.28300
       4.97912       0.27760
       5.00112       0.27490
       5.02412       0.27780
       5.04712       0.28830
       5.07012       0.29980
       5.09312       0.30290
       5.11612       0.29820
       5.13912       0.29490
       5.16112       0.29770
       5.18412       0.30030
       5.20712       0.29570
       5.23012       0.28820
       5.25312       0.28670
       5.27612       0.29040
       5.29912       0.29060
       5.32112       0.28370
       5.34412       0.27470
       5.36712       0.27020
       5.39012       0.27130
       5.41312       0.27300
       5.43612       0.27050
       5.45912       0.26670
       5.48112       0.26940
       5.50412       0.27840
       5.52712       0.28680
       5.55012       0.28950
       5.57312       0.28460
       5.59612       0.27420
       5.61912       0.26400
       5.64112       0.25890
       5.66412       0.25800
       5.68712       0.25660
       5.71012       0.25210
       5.73312       0.24810
       5.75612       0.25000
       5.77912       0.25740
       5.80112       0.26390
       5.82412       0.26600
       5.84712       0.26650
       5.87012       0.26640
       5.89312       0.26300
       5.91612       0.25620
       5.93912       0.24970
       5.96112       0.24690
       5.98412       0.24880
       6.00712       0.25210
       6.03012       0.25270
       6.05312       0.24970
       6.07612       0.24640
       6.09912       0.24500
       6.12112       0.24370
       6.14412       0.24120
       6.16712       0.23970
       6.19012       0.24190
       6.21312       0.24550
       6.23612       0.24590
       6.25912       0.24370
       6.28212       0.24400
       6.30412       0.24710
       6.32712       0.24740
       6.35012       0.24290
       6.37312       0.23800
       6.39612       0.23620
       6.41912       0.23490
       6.44212       0.23170
       6.46412       0.23000
       6.48712       0.23260
       6.51012       0.23640
       6.53312       0.23690
       6.55612       0.23320
       6.57912       0.22880
       6.60212       0.22850
       6.62412       0.23350
       6.64712       0.23830
       6.67012       0.23740
       6.69312       0.23190
       6.71612       0.22750
       6.73912       0.22670
       6.76212       0.22630
       6.78412       0.22390
       6.80712       0.22290
       6.83012       0.22730
       6.85312       0.23220
       6.87612       0.22980
       6.89912       0.22410
       6.92212       0.22360
       6.94412       0.22730
       6.96712       0.22800
       6.99012       0.22390
       7.01312       0.21890
       7.03612       0.21750
       7.05912       0.21990
       7.08212       0.22230
       7.10412       0.22070
       7.12712       0.21670
       7.15012       0.21620
       7.17312       0.22090
       7.19612       0.22530
       7.21912       0.22420
       7.24212       0.22090
       7.26412       0.22070
       7.28712       0.22440
       7.31012       0.23090
       7.33312       0.24010
       7.35612       0.25130
       7.37912       0.26250
       7.40212       0.27190
       7.42412       0.27960
       7.44712       0.28680
       7.47012       0.29500
       7.49312       0.30400
       7.51612       0.31210
       7.53912       0.31800
       7.56212       0.32270
       7.58412       0.32730
       7.60712       0.32880
       7.63012       0.32360
       7.65312       0.31410
       7.67612       0.30710
       7.69912       0.30390
       7.72212       0.30220
       7.74512       0.30050
       7.76712       0.29620
       7.79012       0.28840
       7.81312       0.28150
       7.83612       0.27850
       7.85912       0.27710
       7.88212       0.27660
       7.90512       0.27870
       7.92712       0.28440
       7.95012       0.29300
       7.97312       0.30140
       7.99612       0.30620
       8.01912       0.30830
       8.04212       0.31010
       8.06512       0.31280
       8.08712       0.31910
       8.11012       0.32860
       8.13312       0.33590
       8.15612       0.33750
       8.17912       0.33660
       8.20212       0.33740
       8.22512       0.33930
       8.24712       0.33960
       8.27012       0.33820
       8.29312       0.33810
       8.31612       0.34160
       8.33912       0.34680
       8.36212       0.34900
       8.38512       0.34660
       8.40712       0.34230
       8.43012       0.33860
       8.45312       0.33790
       8.47612       0.34230
       8.49912       0.34960
       8.52212       0.35430
       8.54512       0.35380
       8.56712       0.35080
       8.59012       0.34930
       8.61312       0.35070
       8.63612       0.35200
       8.65912       0.34840
       8.68212       0.33990
       8.70512       0.33400
       8.72712       0.33860
       8.75012       0.35130
       8.77312       0.36030
       8.79612       0.35740
       8.81912       0.34650
       8.84212       0.33760
       8.86512       0.33590
       8.88712       0.33750
       8.91012       0.33780
       8.93312       0.33750
       8.95612       0.33980
       8.97912       0.34540
       9.00212       0.35220
       9.02512       0.35580
       9.04812       0.35370
       9.07012       0.34760
       9.09312       0.34250
       9.11612       0.34030
       9.13912       0.34070
       9.16212       0.34550
       9.18512       0.35230
       9.20812       0.35320
       9.23012       0.34780
       9.25312       0.34340
       9.27612       0.34410
       9.29912       0.34830
       9.32212       0.35210
       9.34512       0.35340
       9.36812       0.35350
       9.39012       0.35160
       9.41312       0.34610
       9.43612       0.34170
       9.45912       0.34540
       9.48212       0.35480
       9.50512       0.36340
       9.52812       0.36860
       9.55012       0.37050
       9.57312       0.36940
       9.59612       0.36650
       9.61912       0.36140
       9.64212       0.35040
       9.66512       0.33580
       9.68812       0.32960
       9.71012       0.33760
       9.73312       0.34850
       9.75612       0.35170
       9.77912       0.35290
       9.80212       0.36160
       9.82512       0.37250
       9.84812       0.37400
       9.87012       0.36700
       9.89312       0.36110
       9.91612       0.35990
       9.93912       0.36100
       9.96212       0.36250
       9.98512       0.36450
      10.00812       0.36540
      10.03012       0.36330
      10.05312       0.35820
      10.07612       0.35300
      10.09912       0.35140
      10.12212       0.35270
      10.14512       0.35160
      10.16812       0.34780
      10.19012       0.34790
      10.21312       0.35450
      10.23612       0.36300
      10.25912       0.37160
      10.28212       0.38130
      10.30512       0.38760
      10.32812       0.38320
      10.35012       0.36880
      10.37312       0.35610
      10.39612       0.35470
      10.41912       0.36200
      10.44212       0.36730
      10.46512       0.36470
      10.48812       0.35900
      10.51112       0.35830
      10.53312       0.36160
      10.55612       0.36150
      10.57912       0.35790
      10.60212       0.35700
      10.62512       0.36180
      10.64812       0.36790
      10.67112       0.37120
      10.69312       0.37300
      10.71612       0.37490
      10.73912       0.37440
      10.76212       0.37140
      10.78512       0.37050
      10.80812       0.37340
      10.83112       0.37820
      10.85312       0.38410
      10.87612       0.38690
      10.89912       0.37870
      10.92212       0.36100
      10.94512       0.34760
      10.96812       0.34620
      10.99112       0.34930
      11.01312       0.34910
      11.03612       0.35180
      11.05912       0.36450
      11.08212       0.38160
      11.10512       0.39560
      11.12812       0.40530
      11.15112       0.40820
      11.17312       0.40060
      11.19612       0.38650
      11.21912       0.37360
      11.24212       0.36430
      11.26512       0.35640
      11.28812       0.35130
      11.31112       0.35380
      11.33312       0.36260
      11.35612       0.36950
      11.37912       0.37070
      11.40212       0.37120
      11.42512       0.37750
      11.44812       0.38970
      11.47112       0.39960
      11.49312       0.39950
      11.51612       0.39100
      11.53912       0.38070
      11.56212       0.37320
      11.58512       0.37180
      11.60812       0.37530
      11.63112       0.37820
      11.65312       0.37800
      11.67612       0.37680
      11.69912       0.37890
      11.72212       0.38540
      11.74512       0.38930
      11.76812       0.38350
      11.79112       0.37370
      11.81312       0.37160
      11.83612       0.37790
      11.85912       0.38520
      11.88212       0.38930
      11.90512       0.39210
      11.92812       0.39510
      11.95112       0.39360
      11.97412       0.38430
      11.99612       0.37650
      12.01912       0.38250
      12.04212       0.39750
      12.06512       0.40420
      12.08812       0.39690
      12.11112       0.38580
      12.13412       0.38060
      12.15612       0.38160
      12.17912       0.38200
      12.20212       0.37730
      12.22512       0.37350
      12.24812       0.38010
      12.27112       0.39520
      12.29412       0.40880
      12.31612       0.41550
      12.33912       0.41590
      12.36212       0.41070
      12.38512       0.40200
      12.40812       0.39420
      12.43112       0.38960
      12.45412       0.38520
      12.47612       0.37990
      12.49912       0.37800
      12.52212       0.38220
      12.54512       0.39140
      12.56812       0.40270
      12.59112       0.41100
      12.61412       0.41260
      12.63612       0.41120
      12.65912       0.41240
      12.68212       0.41640
      12.70512       0.41890
      12.72812       0.41570
      12.75112       0.40720
      12.77412       0.39750
      12.79612       0.38870
      12.81912       0.38080
      12.84212       0.37850
      12.86512       0.38920
      12.88812       0.41210
      12.91112       0.43370
      12.93412       0.44040
      12.95612       0.43380
      12.97912       0.42730
      13.00212       0.42630
      13.02512       0.42390
      13.04812       0.41570
      13.07112       0.40740
      13.09412       0.40350
      13.11612       0.40320
      13.13912       0.40660
      13.16212       0.41750
      13.18512       0.43410
      13.20812       0.44730
      13.23112       0.45010
      13.25412       0.44400
      13.27612       0.43630
      13.29912       0.43590
      13.32212       0.44720
      13.34512       0.46220
      13.36812       0.46830
      13.39112       0.46190
      13.41412       0.44770
      13.43712       0.43340
      13.45912       0.42680
      13.48212       0.43080
      13.50512       0.44170
      13.52812       0.45420
      13.55112       0.46240
      13.57412       0.46120
      13.59712       0.45140
      13.61912       0.44240
      13.64212       0.44190
      13.66512       0.44550
      13.68812       0.44350
      13.71112       0.43440
      13.73412       0.42710
      13.75712       0.42970
      13.77912       0.43980
      13.80212       0.44780
      13.82512       0.44920
      13.84812       0.44660
      13.87112       0.44240
      13.89412       0.43800
      13.91712       0.43320
      13.93912       0.42590
      13.96212       0.41710
      13.98512       0.41600
      14.00812       0.42790
      14.03112       0.44380
      14.05412       0.45060
      14.07712       0.44550
      14.09912       0.43360
      14.12212       0.42130
      14.14512       0.41650
      14.16812       0.42280
      14.19112       0.43330
      14.21412       0.43630
      14.23712       0.42800
      14.25912       0.41520
      14.28212       0.40740
      14.30512       0.41020
      14.32812       0.42220
      14.35112       0.43530
      14.37412       0.44050
      14.39712       0.43470
      14.41912       0.42050
      14.44212       0.40540
      14.46512       0.39990
      14.48812       0.40920
      14.51112       0.42610
      14.53412       0.43680
      14.55712       0.43100
      14.57912       0.41050
      14.60212       0.39280
      14.62512       0.39330
      14.64812       0.40500
      14.67112       0.41230
      14.69412       0.41460
      14.71712       0.41960
      14.73912       0.42740
      14.76212       0.43200
      14.78512       0.42760
      14.80812       0.41140
      14.83112       0.38830
      14.85412       0.37040
      14.87712       0.37010
      14.90012       0.38780
      14.92212       0.40990
      14.94512       0.42500
      14.96812       0.43120
      14.99112       0.42790
      15.01412       0.41610
      15.03712       0.40340
      15.06012       0.39410
      15.08212       0.38360
      15.10512       0.37050
      15.12812       0.36380
      15.15112       0.37300
      15.17412       0.39840
      15.19712       0.42620
      15.22012       0.43620
      15.24212       0.42330
      15.26512       0.40190
      15.28812       0.38430
      15.31112       0.37110
      15.33412       0.36340
      15.35712       0.36740
      15.38012       0.38310
      15.40212       0.39940
      15.42512       0.40370
      15.44812       0.39480
      15.47112       0.38300
      15.49412       0.37770
      15.51712       0.38090
      15.54012       0.38780
      15.56212       0.39180
      15.58512       0.39120
      15.60812       0.38840
      15.63112       0.38530
      15.65412       0.38270
      15.67712       0.38110
      15.70012       0.37840
      15.72212       0.37180
      15.74512       0.36230
      15.76812       0.35650
      15.79112       0.35960
      15.81412       0.36890
      15.83712       0.37810
      15.86012       0.38510
      15.88212       0.39140
      15.90512       0.39420
      15.92812       0.38800
      15.95112       0.37430
      15.97412       0.36180
      15.99712       0.35830
      16.02012       0.36380
      16.04212       0.36950
      16.06512       0.36660
      16.08812       0.35730
      16.11112       0.34970
      16.13412       0.34990
      16.15712       0.35800
      16.18012       0.36790
      16.20212       0.37250
      16.22512       0.37150
      16.24812       0.36860
      16.27112       0.36590
      16.29412       0.36450
      16.31712       0.36350
      16.34012       0.36070
      16.36312       0.35570
      16.38512       0.34990
      16.40812       0.34520
      16.43112       0.34440
      16.45412       0.34690
      16.47712       0.34940
      16.50012       0.35270
      16.52312       0.35840
      16.54512       0.36290
      16.56812       0.36300
      16.59112       0.35920
      16.61412       0.35210
      16.63712       0.34090
      16.66012       0.32830
      16.68312       0.32260
      16.70512       0.32910
      16.72812       0.34320
      16.75112       0.35510
      16.77412       0.35860
      16.79712       0.35550
      16.82012       0.35130
      16.84312       0.34900
      16.86512       0.34780
      16.88812       0.34490
      16.91112       0.33880
      16.93412       0.33110
      16.95712       0.32540
      16.98012       0.32250
      17.00312       0.31990
      17.02512       0.31760
      17.04812       0.31990
      17.07112       0.32850
      17.09412       0.33990
      17.11712       0.34930
      17.14012       0.35320
      17.16312       0.34970
      17.18512       0.34090
      17.20812       0.33260
      17.23112       0.32730
      17.25412       0.32220
      17.27712       0.31600
      17.30012       0.31150
      17.32312       0.30950
      17.34512       0.30910
      17.36812       0.31300
      17.39112       0.32240
      17.41412       0.33140
      17.43712       0.33400
      17.46012       0.33160
      17.48312       0.32800
      17.50512       0.32320
      17.52812       0.31640
      17.55112       0.31060
      17.57412       0.30760
      17.59712       0.30470
      17.62012       0.30280
      17.64312       0.30570
      17.66512       0.31140
      17.68812       0.31590
      17.71112       0.32200
      17.73412       0.33150
      17.75712       0.33500
      17.78012       0.32480
      17.80312       0.30790
      17.82612       0.29530
      17.84812       0.28690
      17.87112       0.27960
      17.89412       0.27970
      17.91712       0.29210
      17.94012       0.30900
      17.96312       0.32000
      17.98612       0.32490
      18.00812       0.33080
      18.03112       0.34010
      18.05412       0.34560
      18.07712       0.33960
      18.10012       0.32450
      18.12312       0.31070
      18.14612       0.30460
      18.16812       0.30190
      18.19112       0.29530
      18.21412       0.28730
      18.23712       0.28820
      18.26012       0.30390
      18.28312       0.32910
      18.30612       0.35030
      18.32812       0.35530
      18.35112       0.34480
      18.37412       0.33090
      18.39712       0.32310
      18.42012       0.32010
      18.44312       0.31680
      18.46612       0.31330
      18.48812       0.31100
      18.51112       0.30680
      18.53412       0.30010
      18.55712       0.29960
      18.58012       0.31530
      18.60312       0.34420
      18.62612       0.36730
      18.64812       0.36860
      18.67112       0.35160
      18.69412       0.33090
      18.71712       0.31560
      18.74012       0.30790
      18.76312       0.30920
      18.78612       0.31810
      18.80812       0.32810
      18.83112       0.33130
      18.85412       0.32630
      18.87712       0.32380
      18.90012       0.33490
      18.92312       0.35470
      18.94612       0.36890
      18.96812       0.37170
      18.99112       0.36790
      19.01412       0.36090
      19.03712       0.35160
      19.06012       0.34100
      19.08312       0.33190
      19.10612       0.33070
      19.12812       0.33950
      19.15112       0.35100
      19.17412       0.35900
      19.19712       0.36640
      19.22012       0.37710
      19.24312       0.38810
      19.26612       0.39310
      19.28912       0.38910
      19.31112       0.38100
      19.33412       0.37720
      19.35712       0.38080
      19.38012       0.38630
      19.40312       0.38610
      19.42612       0.38190
      19.44912       0.38310
      19.47112       0.39370
      19.49412       0.40860
      19.51712       0.42100
      19.54012       0.42480
      19.56312       0.41790
      19.58612       0.40700
      19.60912       0.40290
      19.63112       0.40720
      19.65412       0.41130
      19.67712       0.40970
      19.70012       0.40730
      19.72312       0.40940
      19.74612       0.41580
      19.76912       0.42530
      19.79112       0.43780
      19.81412       0.45210
      19.83712       0.46210
      19.86012       0.45980
      19.88312       0.44570
      19.90612       0.42940
      19.92912       0.42090
      19.95112       0.42380
      19.97412       0.43370
      19.99712       0.44140
      20.02012       0.43910
      20.04312       0.42830
      20.06612       0.42070
      20.08912       0.42770
      20.11112       0.45090
      20.13412       0.47790
      20.15712       0.49090
      20.18012       0.48540
      20.20312       0.47300
      20.22612       0.46070
      20.24912       0.44700
      20.27112       0.43500
      20.29412       0.43280
      20.31712       0.44080
      20.34012       0.45040
      20.36312       0.45590
      20.38612       0.46180
      20.40912       0.47340
      20.43112       0.48520
      20.45412       0.48500
      20.47712       0.47120
      20.50012       0.45630
      20.52312       0.45250
      20.54612       0.45960
      20.56912       0.47040
      20.59112       0.47740
      20.61412       0.47660
      20.63712       0.47280
      20.66012       0.47560
      20.68312       0.48420
      20.70612       0.48660
      20.72912       0.47740
      20.75212       0.46690
      20.77412       0.46730
      20.79712       0.47620
      20.82012       0.48370
      20.84312       0.48860
      20.86612       0.49600
      20.88912       0.50420
      20.91212       0.50710
      20.93412       0.50400
      20.95712       0.50200
      20.98012       0.50970
      21.00312       0.52640
      21.02612       0.53890
      21.04912       0.53480
      21.07212       0.51570
      21.09412       0.49580
      21.11712       0.48790
      21.14012       0.49350
      21.16312       0.50660
      21.18612       0.52110
      21.20912       0.53180
      21.23212       0.53470
      21.25412       0.53250
      21.27712       0.53220
      21.30012       0.53710
      21.32312       0.54650
      21.34612       0.55450
      21.36912       0.55030
      21.39212       0.53180
      21.41412       0.51180
      21.43712       0.50240
      21.46012       0.50670
      21.48312       0.52250
      21.50612       0.53960
      21.52912       0.54400
      21.55212       0.53010
      21.57412       0.50930
      21.59712       0.50470
      21.62012       0.52980
      21.64312       0.57020
      21.66612       0.59340
      21.68912       0.57980
      21.71212       0.54230
      21.73412       0.51100
      21.75712       0.50420
      21.78012       0.52090
      21.80312       0.54970
      21.82612       0.57210
      21.84912       0.57180
      21.87212       0.55210
      21.89412       0.53650
      21.91712       0.54270
      21.94012       0.56130
      21.96312       0.57270
      21.98612       0.57390
      22.00912       0.57460
      22.03212       0.57560
      22.05512       0.57180
      22.07712       0.56500
      22.10012       0.55880
      22.12312       0.55340
      22.14612       0.55480
      22.16912       0.57140
      22.19212       0.59750
      22.21512       0.61450
      22.23712       0.61230
      22.26012       0.60200
      22.28312       0.59780
      22.30612       0.59900
      22.32912       0.59880
      22.35212       0.59670
      22.37512       0.59760
      22.39712       0.60410
      22.42012       0.60910
      22.44312       0.60340
      22.46612       0.58660
      22.48912       0.56480
      22.51212       0.54780
      22.53512       0.54770
      22.55712       0.56890
      22.58012       0.59920
      22.60312       0.61580
      22.62612       0.60500
      22.64912       0.57500
      22.67212       0.54950
      22.69512       0.54680
      22.71712       0.56030
      22.74012       0.56850
      22.76312       0.56200
      22.78612       0.54990
      22.80912       0.54540
      22.83212       0.55040
      22.85512       0.55800
      22.87712       0.56110
      22.90012       0.55390
      22.92312       0.53440
      22.94612       0.51040
      22.96912       0.49490
      22.99212       0.49700
      23.01512       0.51470
      23.03712       0.53560
      23.06012       0.55010
      23.08312       0.55710
      23.10612       0.55860
      23.12912       0.55260
      23.15212       0.53830
      23.17512       0.52150
      23.19712       0.51050
      23.22012       0.50700
      23.24312       0.50600
      23.26612       0.50110
      23.28912       0.49320
      23.31212       0.49180
      23.33512       0.50020
      23.35712       0.50960
      23.38012       0.51050
      23.40312       0.50190
      23.42612       0.49170
      23.44912       0.48900
      23.47212       0.49480
      23.49512       0.50110
      23.51812       0.50080
      23.54012       0.49440
      23.56312       0.48610
      23.58612       0.47980
      23.60912       0.48070
      23.63212       0.48600
      23.65512       0.48400
      23.67812       0.47460
      23.70012       0.47050
      23.72312       0.47780
      23.74612       0.48750
      23.76912       0.48640
      23.79212       0.47360
      23.81512       0.46150
      23.83812       0.45970
      23.86012       0.46560
      23.88312       0.47050
      23.90612       0.46750
      23.92912       0.45560
      23.95212       0.43890
      23.97512       0.42580
      23.99812       0.42470
      24.02012       0.43380
      24.04312       0.44230
      24.06612       0.44390
      24.08912       0.44490
      24.11212       0.45490
      24.13512       0.47080
      24.15812       0.47830
      24.18012       0.47090
      24.20312       0.45500
      24.22612       0.44070
      24.24912       0.43490
      24.27212       0.43640
      24.29512       0.43710
      24.31812       0.43180
      24.34012       0.42190
      24.36312       0.41130
      24.38612       0.40290
      24.40912       0.39790
      24.43212       0.39600
      24.45512       0.39820
      24.47812       0.40720
      24.50012       0.42220
      24.52312       0.43580
      24.54612       0.44150
      24.56912       0.43990
      24.59212       0.43290
      24.61512       0.42110
      24.63812       0.40940
      24.66012       0.40340
      24.68312       0.40290
      24.70612       0.40410
      24.72912       0.40330
      24.75212       0.39830
      24.77512       0.39110
      24.79812       0.38520
      24.82012       0.37800
      24.84312       0.36700
      24.86612       0.35840
      24.88912       0.36050
      24.91212       0.37350
      24.93512       0.39010
      24.95812       0.39890
      24.98112       0.39170
      25.00312       0.37260
      25.02612       0.35270
      25.04912       0.33910
      25.07212       0.33310
      25.09512       0.33250
      25.11812       0.33500
      25.14112       0.33940
      25.16312       0.34250
      25.18612       0.34120
      25.20912       0.33830
      25.23212       0.34090
      25.25512       0.35010
      25.27812       0.35650
      25.30112       0.35080
      25.32312       0.33790
      25.34612       0.33080
      25.36912       0.33400
      25.39212       0.34200
      25.41512       0.34850
      25.43812       0.34970
      25.46112       0.34520
      25.48312       0.33570
      25.50612       0.32190
      25.52912       0.30780
      25.55212       0.30180
      25.57512       0.30790
      25.59812       0.32180
      25.62112       0.33450
      25.64312       0.34020
      25.66612       0.33940
      25.68912       0.33780
      25.71212       0.34130
      25.73512       0.34980
      25.75812       0.35890
      25.78112       0.36560
      25.80312       0.37170
      25.82612       0.37620
      25.84912       0.37280
      25.87212       0.35890
      25.89512       0.34210
      25.91812       0.33160
      25.94112       0.32900
      25.96312       0.32920
      25.98612       0.32790
      26.00912       0.32600
      26.03212       0.32590
      26.05512       0.32680
      26.07812       0.32560
      26.10112       0.32020
      26.12312       0.31300
      26.14612       0.30890
      26.16912       0.31060
      26.19212       0.31670
      26.21512       0.32520
      26.23812       0.33270
      26.26112       0.33350
      26.28312       0.32450
      26.30612       0.31070
      26.32912       0.30180
      26.35212       0.30330
      26.37512       0.31100
      26.39812       0.31860
      26.42112       0.32500
      26.44412       0.33060
      26.46612       0.33430
      26.48912       0.33780
      26.51212       0.34150
      26.53512       0.34220
      26.55812       0.34140
      26.58112       0.34640
      26.60412       0.35970
      26.62612       0.37420
      26.64912       0.38060
      26.67212       0.37600
      26.69512       0.36500
      26.71812       0.35100
      26.74112       0.33260
      26.76412       0.31310
      26.78612       0.30500
      26.80912       0.31860
      26.83212       0.34760
      26.85512       0.37370
      26.87812       0.38530
      26.90112       0.38720
      26.92412       0.39070
      26.94612       0.40140
      26.96912       0.41630
      26.99212       0.43060
      27.01512       0.44120
      27.03812       0.44750
      27.06112       0.45440
      27.08412       0.46770
      27.10612       0.48540
      27.12912       0.49610
      27.15212       0.49210
      27.17512       0.48180
      27.19812       0.47760
      27.22112       0.48160
      27.24412       0.48930
      27.26612       0.49920
      27.28912       0.51120
      27.31212       0.52240
      27.33512       0.53340
      27.35812       0.55170
      27.38112       0.57910
      27.40412       0.60340
      27.42612       0.61360
      27.44912       0.61310
      27.47212       0.61200
      27.49512       0.61640
      27.51812       0.62320
      27.54112       0.62630
      27.56412       0.62660
      27.58612       0.62750
      27.60912       0.62330
      27.63212       0.60930
      27.65512       0.59400
      27.67812       0.58650
      27.70112       0.58410
      27.72412       0.58220
      27.74612       0.58390
      27.76912       0.58860
      27.79212       0.59030
      27.81512       0.59020
      27.83812       0.59590
      27.86112       0.60710
      27.88412       0.61510
      27.90712       0.61510
      27.92912       0.61080
      27.95212       0.60500
      27.97512       0.59650
      27.99812       0.58670
      28.02112       0.57760
      28.04412       0.56590
      28.06712       0.55010
      28.08912       0.53780
      28.11212       0.53520
      28.13512       0.53990
      28.15812       0.54900
      28.18112       0.55850
      28.20412       0.55950
      28.22712       0.55220
      28.24912       0.54810
      28.27212       0.54900
      28.29512       0.54710
      28.31812       0.54510
      28.34112       0.55540
      28.36412       0.57560
      28.38712       0.58700
      28.40912       0.58380
      28.43212       0.57730
      28.45512       0.57520
      28.47812       0.57220
      28.50112       0.56130
      28.52412       0.54500
      28.54712       0.53360
      28.56912       0.53060
      28.59212       0.53190
      28.61512       0.53380
      28.63812       0.53260
      28.66112       0.52400
      28.68412       0.50790
      28.70712       0.49130
      28.72912       0.48290
      28.75212       0.47960
      28.77512       0.46800
      28.79812       0.44790
      28.82112       0.44030
      28.84412       0.45830
      28.86712       0.48620
      28.88912       0.49860
      28.91212       0.48970
      28.93512       0.47610
      28.95812       0.47550
      28.98112       0.49220
      29.00412       0.51570
      29.02712       0.53040
      29.04912       0.52530
      29.07212       0.50060
      29.09512       0.46960
      29.11812       0.44800
      29.14112       0.43930
      29.16412       0.43650
      29.18712       0.43290
      29.20912       0.42740
      29.23212       0.42250
      29.25512       0.41940
      29.27812       0.41440
      29.30112       0.40620
      29.32412       0.40160
      29.34712       0.40600
      29.37012       0.41310
      29.39212       0.41490
      29.41512       0.41150
      29.43812       0.40800
      29.46112       0.40990
      29.48412       0.42010
      29.50712       0.43620
      29.53012       0.45020
      29.55212       0.45510
      29.57512       0.45240
      29.59812       0.45040
      29.62112       0.45330
      29.64412       0.45610
      29.66712       0.45160
      29.69012       0.43790
      29.71212       0.42070
      29.73512       0.40870
      29.75812       0.40250
      29.78112       0.39520
      29.80412       0.38580
      29.82712       0.37920
      29.85012       0.37640
      29.87212       0.37710
      29.89512       0.38360
      29.91812       0.39580
      29.94112       0.40750
      29.96412       0.41190
      29.98712       0.40960
      30.01012       0.40720
      30.03212       0.40890
      30.05512       0.41230
      30.07812       0.41260
      30.10112       0.40900
      30.12412       0.40570
      30.14712       0.40830
      30.17012       0.41930
      30.19212       0.43690
      30.21512       0.45820
      30.23812       0.47810
      30.26112       0.48690
      30.28412       0.48350
      30.30712       0.48020
      30.33012       0.48240
      30.35212       0.48170
      30.37512       0.47290
      30.39812       0.46110
      30.42112       0.45170
      30.44412       0.44500
      30.46712       0.43740
      30.49012       0.42640
      30.51212       0.41570
      30.53512       0.41340
      30.55812       0.41930
      30.58112       0.42330
      30.60412       0.42080
      30.62712       0.41810
      30.65012       0.41850
      30.67212       0.41550
      30.69512       0.40590
      30.71812       0.39960
      30.74112       0.40770
      30.76412       0.42850
      30.78712       0.45370
      30.81012       0.47810
      30.83312       0.49650
      30.85512       0.50060
      30.87812       0.48900
      30.90112       0.47250
      30.92412       0.46450
      30.94712       0.46940
      30.97012       0.48060
      30.99312       0.48930
      31.01512       0.49300
      31.03812       0.49320
      31.06112       0.48890
      31.08412       0.47920
      31.10712       0.47170
      31.13012       0.48060
      31.15312       0.50560
      31.17512       0.52540
      31.19812       0.52500
      31.22112       0.51450
      31.24412       0.51440
      31.26712       0.53110
      31.29012       0.55370
      31.31312       0.56690
      31.33512       0.56370
      31.35812       0.55300
      31.38112       0.55020
      31.40412       0.55650
      31.42712       0.55940
      31.45012       0.55830
      31.47312       0.56990
      31.49512       0.60060
      31.51812       0.63160
      31.54112       0.64080
      31.56412       0.62800
      31.58712       0.61000
      31.61012       0.60080
      31.63312       0.60070
      31.65512       0.60000
      31.67812       0.59230
      31.70112       0.57860
      31.72412       0.56190
      31.74712       0.54800
      31.77012       0.54360
      31.79312       0.55050
      31.81512       0.56260
      31.83812       0.56800
      31.86112       0.55880
      31.88412       0.54170
      31.90712       0.53000
      31.93012       0.53110
      31.95312       0.54520
      31.97512       0.56810
      31.99812       0.58930
      32.02112       0.59680
      32.04412       0.58980
      32.06712       0.57580
      32.09012       0.55910
      32.11312       0.54580
      32.13512       0.54780
      32.15812       0.56840
      32.18112       0.59330
      32.20412       0.60280
      32.22712       0.59260
      32.25012       0.57580
      32.27312       0.56830
      32.29612       0.57650
      32.31812       0.59360
      32.34112       0.60370
      32.36412       0.59710
      32.38712       0.57820
      32.41012       0.55580
      32.43312       0.53570
      32.45612       0.52530
      32.47812       0.52940
      32.50112       0.53970
      32.52412       0.54390
      32.54712       0.54000
      32.57012       0.53240
      32.59312       0.52280
      32.61612       0.51310
      32.63812       0.50790
      32.66112       0.51120
      32.68412       0.52540
      32.70712       0.54520
      32.73012       0.56090
      32.75312       0.57170
      32.77612       0.58080
      32.79812       0.58640
      32.82112       0.58630
      32.84412       0.58020
      32.86712       0.56560
      32.89012       0.54410
      32.91312       0.52550
      32.93612       0.51770
      32.95812       0.51860
      32.98112       0.51660
      33.00412       0.50080
      33.02712       0.47820
      33.05012       0.47250
      33.07312       0.49530
      33.09612       0.52920
      33.11812       0.54610
      33.14112       0.53630
      33.16412       0.51510
      33.18712       0.49900
      33.21012       0.49060
      33.23312       0.48770
      33.25612       0.49380
      33.27812       0.50840
      33.30112       0.52040
      33.32412       0.52180
      33.34712       0.51680
      33.37012       0.51010
      33.39312       0.50260
      33.41612       0.49890
      33.43812       0.50430
      33.46112       0.51340
      33.48412       0.51660
      33.50712       0.51350
      33.53012       0.50800
      33.55312       0.49750
      33.57612       0.48190
      33.59812       0.47290
      33.62112       0.47900
      33.64412       0.49240
      33.66712       0.49880
      33.69012       0.49590
      33.71312       0.49320
      33.73612       0.49670
      33.75912       0.50270
      33.78112       0.50340
      33.80412       0.49490
      33.82712       0.48010
      33.85012       0.46650
      33.87312       0.45870
      33.89612       0.45660
      33.91912       0.45950
      33.94112       0.46730
      33.96412       0.47880
      33.98712       0.49180
      34.01012       0.50060
      34.03312       0.50000
      34.05612       0.49450
      34.07912       0.49160
      34.10112       0.49020
      34.12412       0.48660
      34.14712       0.48180
      34.17012       0.48050
      34.19312       0.48630
      34.21612       0.49880
      34.23912       0.51000
      34.26112       0.51070
      34.28412       0.50160
      34.30712       0.49110
      34.33012       0.48700
      34.35312       0.49090
      34.37612       0.49340
      34.39912       0.48360
      34.42112       0.46700
      34.44412       0.46400
      34.46712       0.48530
      34.49012       0.52010
      34.51312       0.54720
      34.53612       0.55560
      34.55912       0.54800
      34.58112       0.53240
      34.60412       0.51780
      34.62712       0.50820
      34.65012       0.50370
      34.67312       0.50780
      34.69612       0.52350
      34.71912       0.54060
      34.74112       0.54250
      34.76412       0.52780
      34.78712       0.51100
      34.81012       0.50150
      34.83312       0.49970
      34.85612       0.50470
      34.87912       0.51090
      34.90112       0.51050
      34.92412       0.50610
      34.94712       0.50940
      34.97012       0.52430
      34.99312       0.54100
      35.01612       0.54770
      35.03912       0.54250
      35.06212       0.53270
      35.08412       0.52340
      35.10712       0.51320
      35.13012       0.50560
      35.15312       0.50970
      35.17612       0.52660
      35.19912       0.54420
      35.22212       0.54840
      35.24412       0.53950
      35.26712       0.53070
      35.29012       0.53120
      35.31312       0.53750
      35.33612       0.54260
      35.35912       0.54290
      35.38212       0.53910
      35.40412       0.53490
      35.42712       0.53030
      35.45012       0.52060
      35.47312       0.50880
      35.49612       0.50670
      35.51912       0.51650
      35.54212       0.52680
      35.56412       0.52920
      35.58712       0.52970
      35.61012       0.53650
      35.63312       0.54560
      35.65612       0.54790
      35.67912       0.54480
      35.70212       0.54340
      35.72412       0.54250
      35.74712       0.53860
      35.77012       0.53500
      35.79312       0.53520
      35.81612       0.53710
      35.83912       0.54060
      35.86212       0.54880
      35.88412       0.56100
      35.90712       0.57040
      35.93012       0.57020
      35.95312       0.55610
      35.97612       0.52870
      35.99912       0.50110
      36.02212       0.49420
      36.04412       0.51330
      36.06712       0.54260
      36.09012       0.56320
      36.11312       0.57080
      36.13612       0.57260
      36.15912       0.57210
      36.18212       0.56490
      36.20412       0.54870
      36.22712       0.52970
      36.25012       0.51930
      36.27312       0.52730
      36.29612       0.55490
      36.31912       0.58840
      36.34212       0.60610
      36.36412       0.59850
      36.38712       0.57520
      36.41012       0.55050
      36.43312       0.53260
      36.45612       0.52300
      36.47912       0.52310
      36.50212       0.53260
      36.52512       0.54910
      36.54712       0.56990
      36.57012       0.58610
      36.59312       0.58520
      36.61612       0.57000
      36.63912       0.55800
      36.66212       0.55740
      36.68512       0.55930
      36.70712       0.55450
      36.73012       0.54780
      36.75312       0.55210
      36.77612       0.56840
      36.79912       0.58040
      36.82212       0.57310
      36.84512       0.55180
      36.86712       0.53330
      36.89012       0.52590
      36.91312       0.52640
      36.93612       0.53010
      36.95912       0.53520
      36.98212       0.54120
      37.00512       0.54900
      37.02712       0.56040
      37.05012       0.57160
      37.07312       0.57390
      37.09612       0.56230
      37.11912       0.54160
      37.14212       0.52510
      37.16512       0.52320
      37.18712       0.53190
      37.21012       0.54220
      37.23312       0.55410
      37.25612       0.56930
      37.27912       0.57760
      37.30212       0.56670
      37.32512       0.54370
      37.34712       0.52820
      37.37012       0.52600
      37.39312       0.53010
      37.41612       0.53410
      37.43912       0.53520
      37.46212       0.53530
      37.48512       0.54030
      37.50712       0.55120
      37.53012       0.55970
      37.55312       0.56110
      37.57612       0.56110
      37.59912       0.56350
      37.62212       0.56600
      37.64512       0.56710
      37.66712       0.56740
      37.69012       0.56620
      37.71312       0.56570
      37.73612       0.57080
      37.75912       0.57950
      37.78212       0.58380
      37.80512       0.58080
      37.82712       0.57520
      37.85012       0.57010
      37.87312       0.56160
      37.89612       0.54610
      37.91912       0.53010
      37.94212       0.52580
      37.96512       0.53680
      37.98812       0.55600
      38.01012       0.57250
      38.03312       0.58140
      38.05612       0.58490
      38.07912       0.58620
      38.10212       0.58610
      38.12512       0.58360
      38.14812       0.57750
      38.17012       0.57250
      38.19312       0.57460
      38.21612       0.58240
      38.23912       0.59310
      38.26212       0.60620
      38.28512       0.61530
      38.30812       0.60900
      38.33012       0.58700
      38.35312       0.56520
      38.37612       0.55690
      38.39912       0.55860
      38.42212       0.55830
      38.44512       0.55100
      38.46812       0.53890
      38.49012       0.52850
      38.51312       0.52870
      38.53612       0.54190
      38.55912       0.55900
      38.58212       0.57160
      38.60512       0.58320
      38.62812       0.59780
      38.65012       0.60860
      38.67312       0.60710
      38.69612       0.59530
      38.71912       0.58070
      38.74212       0.56730
      38.76512       0.55490
      38.78812       0.54230
      38.81012       0.53270
      38.83312       0.53430
      38.85612       0.54540
      38.87912       0.54810
      38.90212       0.52900
      38.92512       0.49840
      38.94812       0.47900
      38.97012       0.48200
      38.99312       0.50030
      39.01612       0.52210
      39.03912       0.54090
      39.06212       0.55500
      39.08512       0.56460
      39.10812       0.56930
      39.13012       0.56950
      39.15312       0.56800
      39.17612       0.56860
      39.19912       0.57240
      39.22212       0.57450
      39.24512       0.56610
      39.26812       0.54040
      39.29012       0.50320
      39.31312       0.47270
      39.33612       0.46140
      39.35912       0.46630
      39.38212       0.48040
      39.40512       0.49950
      39.42812       0.51950
      39.45112       0.53640
      39.47312       0.54590
      39.49612       0.54280
      39.51912       0.53090
      39.54212       0.52270
      39.56512       0.52280
      39.58812       0.52650
      39.61112       0.52830
      39.63312       0.52940
      39.65612       0.53880
      39.67912       0.56180
      39.70212       0.58770
      39.72512       0.59980
      39.74812       0.59300
      39.77112       0.57580
      39.79312       0.55940
      39.81612       0.54830
      39.83912       0.54040
      39.86212       0.53500
      39.88512       0.53570
      39.90812       0.54190
      39.93112       0.54440
      39.95312       0.53670
      39.97612       0.52570
      39.99912       0.52600
      40.02212       0.53980
      40.04512       0.55680
      40.06812       0.56940
      40.09112       0.57400
      40.11312       0.57050
      40.13612       0.56690
      40.15912       0.57060
      40.18212       0.57840
      40.20512       0.58550
      40.22812       0.58700
      40.25112       0.57640
      40.27312       0.55550
      40.29612       0.53860
      40.31912       0.53660
      40.34212       0.54450
      40.36512       0.55070
      40.38812       0.55040
      40.41112       0.54620
      40.43312       0.54210
      40.45612       0.53950
      40.47912       0.53700
      40.50212       0.53260
      40.52512       0.52870
      40.54812       0.53470
      40.57112       0.55600
      40.59312       0.58180
      40.61612       0.59370
      40.63912       0.58730
      40.66212       0.57680
      40.68512       0.57700
      40.70812       0.58970
      40.73112       0.60460
      40.75312       0.60980
      40.77612       0.60220
      40.79912       0.58610
      40.82212       0.56640
      40.84512       0.54390
      40.86812       0.51980
      40.89112       0.50220
      40.91412       0.49950
      40.93612       0.50860
      40.95912       0.52050
      40.98212       0.52780
      41.00512       0.52810
      41.02812       0.52360
      41.05112       0.51400
      41.07412       0.49760
      41.09612       0.48420
      41.11912       0.49240
      41.14212       0.52720
      41.16512       0.57200
      41.18812       0.60780
      41.21112       0.62900
      41.23412       0.63850
      41.25612       0.63860
      41.27912       0.63010
      41.30212       0.61420
      41.32512       0.59320
      41.34812       0.57160
      41.37112       0.55000
      41.39412       0.52560
      41.41612       0.50220
      41.43912       0.48860
      41.46212       0.48810
      41.48512       0.49470
      41.50812       0.50140
      41.53112       0.50770
      41.55412       0.51570
      41.57612       0.52330
      41.59912       0.52750
      41.62212       0.52880
      41.64512       0.53140
      41.66812       0.54150
      41.69112       0.56070
      41.71412       0.58540
      41.73612       0.60990
      41.75912       0.62450
      41.78212       0.61870
      41.80512       0.59560
      41.82812       0.57340
      41.85112       0.56340
      41.87412       0.55820
      41.89612       0.54640
      41.91912       0.52950
      41.94212       0.51940
      41.96512       0.52510
      41.98812       0.54340
      42.01112       0.55900
      42.03412       0.55820
      42.05612       0.54190
      42.07912       0.52510
      42.10212       0.52360
      42.12512       0.53620
      42.14812       0.54580
      42.17112       0.54430
      42.19412       0.54090
      42.21612       0.54240
      42.23912       0.54540
      42.26212       0.54870
      42.28512       0.55760
      42.30812       0.57560
      42.33112       0.59750
      42.35412       0.60750
      42.37712       0.59400
      42.39912       0.56560
      42.42212       0.54040
      42.44512       0.52780
      42.46812       0.52960
      42.49112       0.54400
      42.51412       0.56020
      42.53712       0.56280
      42.55912       0.55040
      42.58212       0.53560
      42.60512       0.52620
      42.62812       0.52120
      42.65112       0.52240
      42.67412       0.53500
      42.69712       0.55620
      42.71912       0.56910
      42.74212       0.55730
      42.76512       0.52850
      42.78812       0.51050
      42.81112       0.51870
      42.83412       0.54200
      42.85712       0.56180
      42.87912       0.57310
      42.90212       0.58090
      42.92512       0.58700
      42.94812       0.58960
      42.97112       0.58790
      42.99412       0.58030
      43.01712       0.56710
      43.03912       0.55320
      43.06212       0.54430
      43.08512       0.54210
      43.10812       0.54290
      43.13112       0.54080
      43.15412       0.53670
      43.17712       0.53800
      43.19912       0.54350
      43.22212       0.54090
      43.24512       0.52260
      43.26812       0.49960
      43.29112       0.48990
      43.31412       0.49950
      43.33712       0.52050
      43.35912       0.54240
      43.38212       0.56180
      43.40512       0.58180
      43.42812       0.60330
      43.45112       0.62020
      43.47412       0.62640
      43.49712       0.62390
      43.51912       0.61730
      43.54212       0.60430
      43.56512       0.58180
      43.58812       0.55480
      43.61112       0.53300
      43.63412       0.52560
      43.65712       0.53530
      43.67912       0.55140
      43.70212       0.55920
      43.72512       0.55590
      43.74812       0.55090
      43.77112       0.55130
      43.79412       0.55590
      43.81712       0.56310
      43.84012       0.57360
      43.86212       0.58230
      43.88512       0.58020
      43.90812       0.57000
      43.93112       0.56270
      43.95412       0.56190
      43.97712       0.56400
      44.00012       0.56630
      44.02212       0.56930
      44.04512       0.57220
      44.06812       0.57210
      44.09112       0.56820
      44.11412       0.56200
      44.13712       0.55550
      44.16012       0.55270
      44.18212       0.55690
      44.20512       0.56750
      44.22812       0.57850
      44.25112       0.58270
      44.27412       0.57610
      44.29712       0.56410
      44.32012       0.55860
      44.34212       0.56260
      44.36512       0.56700
      44.38812       0.56860
      44.41112       0.57150
      44.43412       0.57120
      44.45712       0.55830
      44.48012       0.53720
      44.50212       0.52410
      44.52512       0.52840
      44.54812       0.54360
      44.57112       0.55760
      44.59412       0.56760
      44.61712       0.57600
      44.64012       0.58220
      44.66212       0.58180
      44.68512       0.57210
      44.70812       0.55670
      44.73112       0.54200
      44.75412       0.53150
      44.77712       0.52850
      44.80012       0.53640
      44.82212       0.55120
      44.84512       0.56460
      44.86812       0.57390
      44.89112       0.57870
      44.91412       0.57580
      44.93712       0.56670
      44.96012       0.56090
      44.98212       0.56590
      45.00512       0.57930
      45.02812       0.59190
      45.05112       0.59800
      45.07412       0.59850
      45.09712       0.59510
      45.12012       0.59070
      45.14212       0.59420
      45.16512       0.61050
      45.18812       0.62450
      45.21112       0.61330
      45.23412       0.57610
      45.25712       0.54030
      45.28012       0.53150
      45.30312       0.54910
      45.32512       0.57570
      45.34812       0.59690
      45.37112       0.60860
      45.39412       0.61560
      45.41712       0.62010
      45.44012       0.61670
      45.46312       0.60750
      45.48512       0.60650
      45.50812       0.61640
      45.53112       0.62330
      45.55412       0.61690
      45.57712       0.60300
      45.60012       0.59620
      45.62312       0.60450
      45.64512       0.61880
      45.66812       0.62280
      45.69112       0.61160
      45.71412       0.59280
      45.73712       0.57420
      45.76012       0.55700
      45.78312       0.54400
      45.80512       0.54150
      45.82812       0.54460
      45.85112       0.53700
      45.87412       0.51530
      45.89712       0.49710
      45.92012       0.49810
      45.94312       0.51220
      45.96512       0.52130
      45.98812       0.51720
      46.01112       0.50840
      46.03412       0.50710
      46.05712       0.51570
      46.08012       0.52710
      46.10312       0.53350
      46.12512       0.53130
      46.14812       0.52320
      46.17112       0.51520
      46.19412       0.50750
      46.21712       0.49620
      46.24012       0.48460
      46.26312       0.47640
      46.28512       0.46890
      46.30812       0.46140
      46.33112       0.45800
      46.35412       0.46110
      46.37712       0.46880
      46.40012       0.47600
      46.42312       0.47930
      46.44512       0.47830
      46.46812       0.47630
      46.49112       0.47560
      46.51412       0.47020
      46.53712       0.45410
      46.56012       0.43490
      46.58312       0.42850
      46.60512       0.43920
      46.62812       0.45570
      46.65112       0.46230
      46.67412       0.45300
      46.69712       0.43640
      46.72012       0.42570
      46.74312       0.42330
      46.76612       0.42250
      46.78812       0.41930
      46.81112       0.41560
      46.83412       0.41540
      46.85712       0.41750
      46.88012       0.41590
      46.90312       0.40830
      46.92612       0.39830
      46.94812       0.39020
      46.97112       0.38570
      46.99412       0.38530
      47.01712       0.38930
      47.04012       0.39360
      47.06312       0.39030
      47.08612       0.37630
      47.10812       0.35850
      47.13112       0.34580
      47.15412       0.34360
      47.17712       0.35060
      47.20012       0.35920
      47.22312       0.36080
      47.24612       0.35300
      47.26812       0.34030
      47.29112       0.32990
      47.31412       0.32620
      47.33712       0.32630
      47.36012       0.32420
      47.38312       0.31910
      47.40612       0.31570
      47.42812       0.31770
      47.45112       0.32410
      47.47412       0.32900
      47.49712       0.32890
      47.52012       0.32930
      47.54312       0.33550
      47.56612       0.34280
      47.58812       0.34220
      47.61112       0.33090
      47.63412       0.31360
      47.65712       0.29790
      47.68012       0.29010
      47.70312       0.29300
      47.72612       0.30240
      47.74812       0.30930
      47.77112       0.30820
      47.79412       0.30200
      47.81712       0.29940
      47.84012       0.30670
      47.86312       0.31980
      47.88612       0.32900
      47.90812       0.33070
      47.93112       0.32790
      47.95412       0.32010
      47.97712       0.30570
      48.00012       0.29020
      48.02312       0.27810
      48.04612       0.26690
      48.06912       0.25700
      48.09112       0.25230
      48.11412       0.25330
      48.13712       0.25570
      48.16012       0.25540
      48.18312       0.25180
      48.20612       0.24700
      48.22912       0.24530
      48.25112       0.24830
      48.27412       0.25070
      48.29712       0.24810
      48.32012       0.24270
      48.34312       0.23770
      48.36612       0.23270
      48.38912       0.22700
      48.41112       0.22150
      48.43412       0.21530
      48.45712       0.20770
      48.48012       0.20260
      48.50312       0.20460
      48.52612       0.21150
      48.54912       0.21670
      48.57112       0.21390
      48.59412       0.20150
      48.61712       0.18630
      48.64012       0.17660
      48.66312       0.17150
      48.68612       0.16520
      48.70912       0.15870
      48.73112       0.15620
      48.75412       0.15610
      48.77712       0.15440
      48.80012       0.15260
      48.82312       0.15340
      48.84612       0.15570
      48.86912       0.15700
      48.89112       0.15680
      48.91412       0.15500
      48.93712       0.15020
      48.96012       0.14190
      48.98312       0.13240
      49.00612       0.12350
      49.02912       0.11720
      49.05112       0.11490
      49.07412       0.11440
      49.09712       0.11170
      49.12012       0.10650
      49.14312       0.10290
      49.16612       0.10310
      49.18912       0.10480
      49.21112       0.10520
      49.23412       0.10430
      49.25712       0.10240
      49.28012       0.10000
      49.30312       0.09943
      49.32612       0.10350
      49.34912       0.11030
      49.37112       0.11510
      49.39412       0.11640
      49.41712       0.11630
      49.44012       0.11430
      49.46312       0.10780
      49.48612       0.09764
      49.50912       0.08920
      49.53212       0.08693
      49.55412       0.08928
      49.57712       0.09196
      49.60012       0.09385
      49.62312       0.09620
      49.64612       0.09833
      49.66912       0.09782
      49.69212       0.09601
      49.71412       0.09893
      49.73712       0.10970
      49.76012       0.12350
      49.78312       0.13160
      49.80612       0.12770
      49.82912       0.11390
      49.85212       0.09837
      49.87412       0.08783
      49.89712       0.08507
      49.92012       0.09069
      49.94312       0.10250
      49.96612       0.11450
      49.98912       0.12050
      50.01212       0.12080
      50.03412       0.11870
      50.05712       0.11600
      50.08012       0.11350
      50.10312       0.11170
      50.12612       0.10850
      50.14912       0.10290
      50.17212       0.09898
      50.19412       0.10180
      50.21712       0.10990
      50.24012       0.11620
      50.26312       0.11730
      50.28612       0.11880
      50.30912       0.12810
      50.33212       0.14610
      50.35412       0.16560
      50.37712       0.17590
      50.40012       0.17140
      50.42312       0.15640
      50.44612       0.13880
      50.46912       0.12450
      50.49212       0.11560
      50.51412       0.11210
      50.53712       0.11280
      50.56012       0.11530
      50.58312       0.11600
      50.60612       0.11100
      50.62912       0.10110
      50.65212       0.09192
      50.67412       0.08703
      50.69712       0.08435
      50.72012       0.08044
      50.74312       0.07491
      50.76612       0.07002
      50.78912       0.06766
      50.81212       0.06603
      50.83412       0.06127
      50.85712       0.05397
      50.88012       0.05000
      50.90312       0.05226
      50.92612       0.05501
      50.94912       0.05106
      50.97212       0.04137
      50.99512       0.03285
      51.01712       0.02975
      51.04012       0.03118
      51.06312       0.03453
      51.08612       0.03761
      51.10912       0.03794
      51.13212       0.03404
      51.15512       0.02802
      51.17712       0.02367
      51.20012       0.02266
      51.22312       0.02432
      51.24612       0.02666
      51.26912       0.02705
      51.29212       0.02419
      51.31512       0.01981
      51.33712       0.01701
      51.36012       0.01681
      51.38312       0.01735
      51.40612       0.01657
      51.42912       0.01435
      51.45212       0.01187
      51.47512       0.00978
      51.49712       0.00807
      51.52012       0.00740
      51.54312       0.00865
      51.56612       0.01105
      51.58912       0.01250
      51.61212       0.01211
      51.63512       0.01114
      51.65712       0.01114
      51.68012       0.01201
      51.70312       0.01247
      51.72612       0.01151
      51.74912       0.00908
      51.77212       0.00619
      51.79512       0.00454
      51.81712       0.00515
      51.84012       0.00716
      51.86312       0.00865
      51.88612       0.00859
      51.90912       0.00715
      51.93212       0.00496
      51.95512       0.00293
      51.97712       0.00212
      52.00012       0.00302
      52.02312       0.00482
      52.04612       0.00585
      52.06912       0.00543
      52.09212       0.00461
      52.11512       0.00452
      52.13712       0.00473
      52.16012       0.00441
      52.18312       0.00392
      52.20612       0.00403
      52.22912       0.00439
      52.25212       0.00414
      52.27512       0.00317
      52.29712       0.00205
      52.32012       0.00134
      52.34312       0.00141
      52.36612       0.00211
      52.38912       0.00261
      52.41212       0.00223
      52.43512       0.00128
      52.45812       0.00049
      52.48012       0.00013
      52.50312       0.00004
      52.52612       0.00009
      52.54912       0.00033
      52.57212       0.00090
      52.59512       0.00168
      52.61812       0.00225
      52.64012       0.00221
      52.66312       0.00171
      52.68612       0.00124
      52.70912       0.00112
      52.73212       0.00112
      52.75512       0.00091
      52.77812       0.00052
      52.80012       0.00020
      52.82312       0.00005
      52.84612       0.00001
      52.86912       0.00000
      52.89212       0.00000
      52.91512       0.00000
      52.93812       0.00000
      52.96012       0.00000
      52.98312       0.00000
      53.00612       0.00000
      53.02912       0.00000
      53.05212       0.00000
      53.07512       0.00000
      53.09812       0.00000
      53.12012       0.00000
      53.14312       0.00000
      53.16612       0.00000
      53.18912       0.00000
      53.21212       0.00000
      53.23512       0.00000
      53.25812       0.00000
      53.28012       0.00000
      53.30312       0.00000
      53.32612       0.00000
      53.34912       0.00000
      53.37212       0.00000
      53.39512       0.00000
      53.41812       0.00000
      53.44012       0.00000
      53.46312       0.00000
      53.48612       0.00000
      53.50912       0.00000
      53.53212       0.00000
      53.55512       0.00000
      53.57812       0.00000
      53.60012       0.00000
      53.62312       0.00000
      53.64612       0.00000
      53.66912       0.00000
      53.69212       0.00000
      53.71512       0.00000
      53.73812       0.00000
      53.76012       0.00000
      53.78312       0.00000
      53.80612       0.00000
      53.82912       0.00000
      53.85212       0.00000
      53.87512       0.00000
      53.89812       0.00000
      53.92112       0.00000
      53.94312       0.00000
      53.96612       0.00000
      53.98912       0.00000
      54.01212       0.00000
      54.03512       0.00000
      54.05812       0.00000
      54.08112       0.00000
      54.10312       0.00000
      54.12612       0.00000
      54.14912       0.00000
      54.17212       0.00000
      54.19512       0.00000
      54.21812       0.00000
      54.24112       0.00000
      54.26312       0.00000
      54.28612       0.00000
      54.30912       0.00000
      54.33212       0.00000
      54.35512       0.00000
      54.37812       0.00000
      54.40112       0.00000
      54.42312       0.00000
      54.44612       0.00000
      54.46912       0.00000
      54.49212       0.00000
      54.51512       0.00000
      54.53812       0.00000
      54.56112       0.00000
      54.58312       0.00000
      54.60612       0.00000
      54.62912       0.00000
      54.65212       0.00000
      54.67512       0.00000
      54.69812       0.00000
      54.72112       0.00000
      54.74312       0.00000
      54.76612       0.00000
      54.78912       0.00000
      54.81212       0.00000
      54.83512       0.00000
      54.85812       0.00000
      54.88112       0.00000
      54.90312       0.00000
      54.92612       0.00000
      54.94912       0.00000
      54.97212       0.00000
      54.99512       0.00000
      55.01812       0.00000
      55.04112       0.00000
      55.06312       0.00000
      55.08612       0.00000
      55.10912       0.00000
      55.13212       0.00000
      55.15512       0.00000
      55.17812       0.00000
      55.20112       0.00000
      55.22312       0.00000
      55.24612       0.00000
      55.26912       0.00000
      55.29212       0.00000
      55.31512       0.00000
      55.33812       0.00000
      55.36112       0.00000
      55.38412       0.00000
      55.40612       0.00000
      55.42912       0.00000
      55.45212       0.00000
      55.47512       0.00000
      55.49812       0.00000
      55.52112       0.00000
      55.54412       0.00000
      55.56612       0.00000
      55.58912       0.00000
      55.61212       0.00000
      55.63512       0.00000
      55.65812       0.00000
      55.68112       0.00000
      55.70412       0.00000
      55.72612       0.00000
      55.74912       0.00000
      55.77212       0.00000
      55.79512       0.00000
      55.81812       0.00000
      55.84112       0.00000
