#K-Path(1/A) Energy-Level(eV)
# NKPTS & NBANDS: 120  16
# Band-Index    1
   0.00000    -14.786784
   0.02919    -14.784310
   0.05838    -14.776890
   0.08756    -14.764547
   0.11675    -14.747317
   0.14594    -14.725255
   0.17513    -14.698431
   0.20432    -14.666927
   0.23351    -14.630849
   0.26269    -14.590316
   0.29188    -14.545470
   0.32107    -14.496477
   0.35026    -14.443519
   0.37945    -14.386813
   0.40864    -14.326607
   0.43782    -14.263190
   0.46701    -14.196896
   0.49620    -14.128115
   0.52539    -14.057314
   0.55458    -13.985049
   0.58377    -13.912001
   0.61295    -13.839005
   0.64214    -13.767056
   0.67133    -13.697335
   0.70052    -13.631211
   0.72971    -13.570019
   0.75889    -13.514816
   0.78808    -13.466200
   0.81727    -13.424098
   0.84646    -13.387965
   0.87565    -13.357134
   0.90484    -13.330857
   0.93402    -13.308580
   0.96321    -13.289874
   0.99240    -13.274403
   1.02159    -13.261970
   1.05078    -13.252405
   1.07997    -13.245620
   1.10915    -13.241587
   1.13834    -13.240243
   1.13834    -13.240243
   1.15503    -13.239709
   1.17171    -13.238118
   1.18840    -13.235472
   1.20509    -13.231776
   1.22177    -13.227045
   1.23846    -13.221280
   1.25514    -13.214503
   1.27183    -13.206734
   1.28852    -13.197979
   1.30520    -13.188282
   1.32189    -13.177653
   1.33857    -13.166155
   1.35526    -13.153815
   1.37194    -13.140643
   1.38863    -13.126686
   1.40532    -13.112006
   1.42200    -13.096631
   1.43869    -13.080623
   1.45537    -13.064025
   1.47206    -13.046901
   1.48875    -13.029312
   1.50543    -13.011316
   1.52212    -12.992985
   1.53880    -12.974400
   1.55549    -12.955625
   1.57218    -12.936754
   1.58886    -12.917865
   1.60555    -12.899045
   1.62223    -12.880391
   1.63892    -12.861990
   1.65561    -12.843955
   1.67229    -12.826377
   1.68898    -12.809385
   1.70566    -12.793091
   1.72235    -12.777606
   1.73903    -12.763066
   1.75572    -12.749671
   1.77241    -12.737786
   1.78909    -12.729094
   1.78909    -12.729094
   1.82246    -12.750736
   1.85583    -12.773938
   1.88919    -12.798669
   1.92256    -12.824846
   1.95593    -12.852367
   1.98929    -12.881186
   2.02266    -12.911170
   2.05603    -12.942211
   2.08939    -12.974236
   2.12276    -13.007083
   2.15613    -13.040665
   2.18949    -13.074842
   2.22286    -13.139067
   2.25623    -13.221477
   2.28959    -13.307606
   2.32296    -13.396570
   2.35633    -13.487465
   2.38969    -13.579462
   2.42306    -13.671775
   2.45643    -13.763629
   2.48979    -13.854343
   2.52316    -13.943296
   2.55653    -14.029911
   2.58989    -14.113649
   2.62326    -14.194031
   2.65663    -14.270617
   2.68999    -14.343004
   2.72336    -14.410848
   2.75673    -14.473812
   2.79009    -14.531611
   2.82346    -14.583996
   2.85683    -14.630739
   2.89019    -14.671638
   2.92356    -14.706531
   2.95693    -14.735270
   2.99029    -14.757742
   3.02366    -14.773856
   3.05703    -14.783550
   3.09039    -14.786783
 
# Band-Index    2
   3.09039    -13.737305
   3.05703    -13.736062
   3.02366    -13.732345
   2.99029    -13.726179
   2.95693    -13.717594
   2.92356    -13.706633
   2.89019    -13.693353
   2.85683    -13.677825
   2.82346    -13.660131
   2.79009    -13.640362
   2.75673    -13.618622
   2.72336    -13.595015
   2.68999    -13.569668
   2.65663    -13.542708
   2.62326    -13.514258
   2.58989    -13.484465
   2.55653    -13.453473
   2.52316    -13.421404
   2.48979    -13.388453
   2.45643    -13.354742
   2.42306    -13.320410
   2.38969    -13.285609
   2.35633    -13.250487
   2.32296    -13.215179
   2.28959    -13.179803
   2.25623    -13.144549
   2.22286    -13.109513
   2.18949    -13.061297
   2.15613    -12.989097
   2.12276    -12.923313
   2.08939    -12.864725
   2.05603    -12.813986
   2.02266    -12.771643
   1.98929    -12.738006
   1.95593    -12.713233
   1.92256    -12.697263
   1.88919    -12.689823
   1.85583    -12.690469
   1.82246    -12.698597
   1.78909    -12.713468
   1.78909    -12.713468
   1.77241    -12.706326
   1.75572    -12.697629
   1.73903    -12.688961
   1.72235    -12.680570
   1.70566    -12.672523
   1.68898    -12.664838
   1.67229    -12.657547
   1.65561    -12.650645
   1.63892    -12.644121
   1.62223    -12.637969
   1.60555    -12.632184
   1.58886    -12.626762
   1.57218    -12.621690
   1.55549    -12.616960
   1.53880    -12.612566
   1.52212    -12.608483
   1.50543    -12.604712
   1.48875    -12.601234
   1.47206    -12.598037
   1.45537    -12.595104
   1.43869    -12.592429
   1.42200    -12.589995
   1.40532    -12.587786
   1.38863    -12.585791
   1.37194    -12.583995
   1.35526    -12.582385
   1.33857    -12.580948
   1.32189    -12.579675
   1.30520    -12.578554
   1.28852    -12.577573
   1.27183    -12.576724
   1.25514    -12.575995
   1.23846    -12.575380
   1.22177    -12.574871
   1.20509    -12.574463
   1.18840    -12.574152
   1.17171    -12.573932
   1.15503    -12.573802
   1.13834    -12.573758
   1.13834    -12.573758
   1.10915    -12.578681
   1.07997    -12.593321
   1.05078    -12.617307
   1.02159    -12.650012
   0.99240    -12.690608
   0.96321    -12.738087
   0.93402    -12.791284
   0.90484    -12.848868
   0.87565    -12.909376
   0.84646    -12.971190
   0.81727    -13.032635
   0.78808    -13.091997
   0.75889    -13.147872
   0.72971    -13.199362
   0.70052    -13.246187
   0.67133    -13.288674
   0.64214    -13.327462
   0.61295    -13.363248
   0.58377    -13.396618
   0.55458    -13.428025
   0.52539    -13.457749
   0.49620    -13.485979
   0.46701    -13.512841
   0.43782    -13.538369
   0.40864    -13.562577
   0.37945    -13.585440
   0.35026    -13.606908
   0.32107    -13.626938
   0.29188    -13.645480
   0.26269    -13.662463
   0.23351    -13.677836
   0.20432    -13.691550
   0.17513    -13.703541
   0.14594    -13.713769
   0.11675    -13.722193
   0.08756    -13.728783
   0.05838    -13.733509
   0.02919    -13.736353
   0.00000    -13.737305
 
# Band-Index    3
   0.00000     -6.318974
   0.02919     -6.315636
   0.05838     -6.305726
   0.08756     -6.289259
   0.11675     -6.266335
   0.14594     -6.237034
   0.17513     -6.201491
   0.20432     -6.159923
   0.23351     -6.112458
   0.26269     -6.059602
   0.29188     -6.001654
   0.32107     -5.939108
   0.35026     -5.872735
   0.37945     -5.803559
   0.40864     -5.733142
   0.43782     -5.663953
   0.46701     -5.600127
   0.49620     -5.548022
   0.52539     -5.515641
   0.55458     -5.507378
   0.58377     -5.519623
   0.61295     -5.544791
   0.64214     -5.577011
   0.67133     -5.613963
   0.70052     -5.656501
   0.72971     -5.709624
   0.75889     -5.781064
   0.78808     -5.876048
   0.81727     -5.990055
   0.84646     -6.112932
   0.87565     -6.236272
   0.90484     -6.354555
   0.93402     -6.464459
   0.96321     -6.563615
   0.99240     -6.650280
   1.02159     -6.723151
   1.05078     -6.780947
   1.07997     -6.822810
   1.10915     -6.848259
   1.13834     -6.856779
   1.13834     -6.856779
   1.15503     -6.855737
   1.17171     -6.852635
   1.18840     -6.847461
   1.20509     -6.840224
   1.22177     -6.830941
   1.23846     -6.819609
   1.25514     -6.806248
   1.27183     -6.790879
   1.28852     -6.773485
   1.30520     -6.754133
   1.32189     -6.732849
   1.33857     -6.709643
   1.35526     -6.684546
   1.37194     -6.657578
   1.38863     -6.628781
   1.40532     -6.598190
   1.42200     -6.565854
   1.43869     -6.531821
   1.45537     -6.496074
   1.47206     -6.458677
   1.48875     -6.419713
   1.50543     -6.379158
   1.52212     -6.337064
   1.53880     -6.293559
   1.55549     -6.248618
   1.57218     -6.202374
   1.58886     -6.154845
   1.60555     -6.106108
   1.62223     -6.056247
   1.63892     -6.005346
   1.65561     -5.953539
   1.67229     -5.900922
   1.68898     -5.847771
   1.70566     -5.794408
   1.72235     -5.741304
   1.73903     -5.689435
   1.75572     -5.640850
   1.77241     -5.600047
   1.78909     -5.576404
   1.78909     -5.576404
   1.82246     -5.648070
   1.85583     -5.731152
   1.88919     -5.804431
   1.92256     -5.862643
   1.95593     -5.903603
   1.98929     -5.926485
   2.02266     -5.930772
   2.05603     -5.916331
   2.08939     -5.883546
   2.12276     -5.832737
   2.15613     -5.764703
   2.18949     -5.680271
   2.22286     -5.580575
   2.25623     -5.470045
   2.28959     -5.462992
   2.32296     -5.451250
   2.35633     -5.434000
   2.38969     -5.410472
   2.42306     -5.380173
   2.45643     -5.342580
   2.48979     -5.297788
   2.52316     -5.245494
   2.55653     -5.343168
   2.58989     -5.447429
   2.62326     -5.548517
   2.65663     -5.645584
   2.68999     -5.738065
   2.72336     -5.825287
   2.75673     -5.906842
   2.79009     -5.982064
   2.82346     -6.050582
   2.85683     -6.111991
   2.89019     -6.165953
   2.92356     -6.212173
   2.95693     -6.250316
   2.99029     -6.280201
   3.02366     -6.301650
   3.05703     -6.314621
   3.09039     -6.318974
 
# Band-Index    4
   3.09039     -3.809587
   3.05703     -3.828606
   3.02366     -3.881353
   2.99029     -3.958929
   2.95693     -4.052147
   2.92356     -4.154483
   2.89019     -4.261532
   2.85683     -4.370019
   2.82346     -4.478025
   2.79009     -4.583968
   2.75673     -4.686321
   2.72336     -4.784374
   2.68999     -4.877222
   2.65663     -4.964193
   2.62326     -5.045009
   2.58989     -5.118994
   2.55653     -5.185950
   2.52316     -5.236514
   2.48979     -5.129027
   2.45643     -5.023424
   2.42306     -4.931418
   2.38969     -4.935166
   2.35633     -5.062242
   2.32296     -5.204384
   2.28959     -5.340769
   2.25623     -5.466935
   2.22286     -5.473492
   2.18949     -5.474679
   2.15613     -5.475181
   2.12276     -5.476271
   2.08939     -5.479299
   2.05603     -5.485031
   2.02266     -5.493827
   1.98929     -5.505097
   1.95593     -5.518008
   1.92256     -5.531530
   1.88919     -5.544171
   1.85583     -5.554836
   1.82246     -5.562645
   1.78909     -5.566596
   1.78909     -5.566596
   1.77241     -5.565666
   1.75572     -5.563515
   1.73903     -5.560190
   1.72235     -5.555655
   1.70566     -5.549908
   1.68898     -5.542905
   1.67229     -5.534838
   1.65561     -5.525693
   1.63892     -5.515495
   1.62223     -5.504309
   1.60555     -5.492179
   1.58886     -5.479226
   1.57218     -5.465542
   1.55549     -5.451234
   1.53880     -5.436408
   1.52212     -5.421172
   1.50543     -5.405670
   1.48875     -5.390052
   1.47206     -5.374450
   1.45537     -5.358945
   1.43869     -5.343708
   1.42200     -5.328842
   1.40532     -5.314461
   1.38863     -5.300661
   1.37194     -5.287599
   1.35526     -5.275281
   1.33857     -5.263784
   1.32189     -5.253146
   1.30520     -5.243508
   1.28852     -5.234763
   1.27183     -5.226976
   1.25514     -5.220094
   1.23846     -5.214185
   1.22177     -5.209212
   1.20509     -5.205151
   1.18840     -5.202009
   1.17171     -5.199776
   1.15503     -5.198444
   1.13834     -5.198007
   1.13834     -5.198007
   1.10915     -5.210434
   1.07997     -5.242101
   1.05078     -5.283009
   1.02159     -5.325899
   0.99240     -5.366435
   0.96321     -5.402254
   0.93402     -5.431462
   0.90484     -5.452677
   0.87565     -5.463967
   0.84646     -5.462583
   0.81727     -5.444074
   0.78808     -5.400808
   0.75889     -5.323847
   0.72971     -5.209913
   0.70052     -5.065571
   0.67133     -4.901165
   0.64214     -4.816013
   0.61295     -4.891750
   0.58377     -4.960913
   0.55458     -5.013342
   0.52539     -5.039698
   0.49620     -5.035313
   0.46701     -5.003954
   0.43782     -4.953105
   0.40864     -4.888939
   0.37945     -4.815258
   0.35026     -4.734648
   0.32107     -4.648566
   0.29188     -4.558535
   0.26269     -4.465595
   0.23351     -4.370811
   0.20432     -4.275570
   0.17513     -4.181220
   0.14594     -4.089892
   0.11675     -4.004082
   0.08756     -3.927566
   0.05838     -3.865469
   0.02919     -3.824178
   0.00000     -3.809587
 
# Band-Index    5
   0.00000     -3.809548
   0.02919     -3.807935
   0.05838     -3.803351
   0.08756     -3.795586
   0.11675     -3.785073
   0.14594     -3.771913
   0.17513     -3.756369
   0.20432     -3.738973
   0.23351     -3.720083
   0.26269     -3.700315
   0.29188     -3.680307
   0.32107     -3.660611
   0.35026     -3.642102
   0.37945     -3.625503
   0.40864     -3.611820
   0.43782     -3.601702
   0.46701     -3.595836
   0.49620     -3.721807
   0.52539     -3.928205
   0.55458     -4.132501
   0.58377     -4.333349
   0.61295     -4.528993
   0.64214     -4.715450
   0.67133     -4.728396
   0.70052     -4.649020
   0.72971     -4.573464
   0.75889     -4.506121
   0.78808     -4.451148
   0.81727     -4.412184
   0.84646     -4.392376
   0.87565     -4.393479
   0.90484     -4.415025
   0.93402     -4.454416
   0.96321     -4.507584
   0.99240     -4.569696
   1.02159     -4.636014
   1.05078     -4.701406
   1.07997     -4.759674
   1.10915     -4.802332
   1.13834     -4.818553
   1.13834     -4.818553
   1.15503     -4.817698
   1.17171     -4.815360
   1.18840     -4.811504
   1.20509     -4.806080
   1.22177     -4.799256
   1.23846     -4.790908
   1.25514     -4.781087
   1.27183     -4.769847
   1.28852     -4.757171
   1.30520     -4.743314
   1.32189     -4.728152
   1.33857     -4.711831
   1.35526     -4.694504
   1.37194     -4.676268
   1.38863     -4.657204
   1.40532     -4.637594
   1.42200     -4.617585
   1.43869     -4.597541
   1.45537     -4.577905
   1.47206     -4.559276
   1.48875     -4.542521
   1.50543     -4.528886
   1.52212     -4.520217
   1.53880     -4.519211
   1.55549     -4.528984
   1.57218     -4.552640
   1.58886     -4.591333
   1.60555     -4.643471
   1.62223     -4.705664
   1.63892     -4.774289
   1.65561     -4.846501
   1.67229     -4.920154
   1.68898     -4.993734
   1.70566     -5.066080
   1.72235     -5.135756
   1.73903     -5.201421
   1.75572     -5.260667
   1.77241     -5.308720
   1.78909     -5.335891
   1.78909     -5.335890
   1.82246     -5.249505
   1.85583     -5.134158
   1.88919     -5.010410
   1.92256     -4.883005
   1.95593     -4.753738
   1.98929     -4.623768
   2.02266     -4.494022
   2.05603     -4.365124
   2.08939     -4.309668
   2.12276     -4.287827
   2.15613     -4.250262
   2.18949     -4.198080
   2.22286     -4.251114
   2.25623     -4.346633
   2.28959     -4.446660
   2.32296     -4.549369
   2.35633     -4.650437
   2.38969     -4.729867
   2.42306     -4.680484
   2.45643     -4.531536
   2.48979     -4.367571
   2.52316     -4.204350
   2.55653     -4.050661
   2.58989     -3.915961
   2.62326     -3.809626
   2.65663     -3.736999
   2.68999     -3.695970
   2.72336     -3.679299
   2.75673     -3.679132
   2.79009     -3.689348
   2.82346     -3.705281
   2.85683     -3.724072
   2.89019     -3.743469
   2.92356     -3.761813
   2.95693     -3.778081
   2.99029     -3.791437
   3.02366     -3.801294
   3.05703     -3.807485
   3.09039     -3.809548
 
# Band-Index    6
   3.09039     -2.912243
   3.05703     -2.895802
   3.02366     -2.850953
   2.99029     -2.787321
   2.95693     -2.714428
   2.92356     -2.640038
   2.89019     -2.570515
   2.85683     -2.511938
   2.82346     -2.470872
   2.79009     -2.454920
   2.75673     -2.470917
   2.72336     -2.520875
   2.68999     -2.640430
   2.65663     -2.787847
   2.62326     -2.907618
   2.58989     -2.997682
   2.55653     -3.063878
   2.52316     -3.182293
   2.48979     -3.306567
   2.45643     -3.428654
   2.42306     -3.547567
   2.38969     -3.662075
   2.35633     -3.771242
   2.32296     -3.874063
   2.28959     -3.969393
   2.25623     -4.056174
   2.22286     -4.132847
   2.18949     -4.161748
   2.15613     -4.081565
   2.12276     -4.115693
   2.08939     -4.238404
   2.05603     -4.314919
   2.02266     -4.303647
   1.98929     -4.276369
   1.95593     -4.234421
   1.92256     -4.179656
   1.88919     -4.113970
   1.85583     -4.040010
   1.82246     -3.961573
   1.78909     -3.889069
   1.78909     -3.889069
   1.77241     -3.906876
   1.75572     -3.927279
   1.73903     -3.948716
   1.72235     -3.970641
   1.70566     -3.992532
   1.68898     -4.013953
   1.67229     -4.034261
   1.65561     -4.052519
   1.63892     -4.067380
   1.62223     -4.076859
   1.60555     -4.078368
   1.58886     -4.069599
   1.57218     -4.063759
   1.55549     -4.072555
   1.53880     -4.081660
   1.52212     -4.089458
   1.50543     -4.095799
   1.48875     -4.100587
   1.47206     -4.103835
   1.45537     -4.105415
   1.43869     -4.105450
   1.42200     -4.103937
   1.40532     -4.100933
   1.38863     -4.096374
   1.37194     -4.090686
   1.35526     -4.083742
   1.33857     -4.075822
   1.32189     -4.067131
   1.30520     -4.057840
   1.28852     -4.048182
   1.27183     -4.038549
   1.25514     -4.029115
   1.23846     -4.020178
   1.22177     -4.012020
   1.20509     -4.004831
   1.18840     -3.998992
   1.17171     -3.994698
   1.15503     -3.991976
   1.13834     -3.991092
   1.13834     -3.991092
   1.10915     -3.989547
   1.07997     -3.984932
   1.05078     -3.977432
   1.02159     -3.966817
   0.99240     -3.953325
   0.96321     -3.937110
   0.93402     -3.918238
   0.90484     -3.897075
   0.87565     -3.873788
   0.84646     -3.848602
   0.81727     -3.822053
   0.78808     -3.794358
   0.75889     -3.766123
   0.72971     -3.738064
   0.70052     -3.710471
   0.67133     -3.684163
   0.64214     -3.660039
   0.61295     -3.638703
   0.58377     -3.621007
   0.55458     -3.607486
   0.52539     -3.598585
   0.49620     -3.594741
   0.46701     -3.514988
   0.43782     -3.309282
   0.40864     -3.107259
   0.37945     -2.912696
   0.35026     -2.733646
   0.32107     -2.588043
   0.29188     -2.504986
   0.26269     -2.489863
   0.23351     -2.516249
   0.20432     -2.563809
   0.17513     -2.622378
   0.14594     -2.686525
   0.11675     -2.751583
   0.08756     -2.812816
   0.05838     -2.864409
   0.02919     -2.899578
   0.00000     -2.912243
 
# Band-Index    7
   0.00000     -0.946087
   0.02919     -0.957195
   0.05838     -1.010194
   0.08756     -1.094600
   0.11675     -1.203475
   0.14594     -1.331499
   0.17513     -1.474288
   0.20432     -1.627338
   0.23351     -1.784953
   0.26269     -1.937103
   0.29188     -2.062836
   0.32107     -2.135093
   0.35026     -2.158792
   0.37945     -2.162164
   0.40864     -2.162363
   0.43782     -2.166529
   0.46701     -2.177888
   0.49620     -2.197996
   0.52539     -2.227900
   0.55458     -2.268199
   0.58377     -2.319114
   0.61295     -2.380401
   0.64214     -2.450890
   0.67133     -2.528538
   0.70052     -2.610384
   0.72971     -2.692750
   0.75889     -2.771394
   0.78808     -2.841988
   0.81727     -2.900043
   0.84646     -2.941762
   0.87565     -2.965269
   0.90484     -2.970664
   0.93402     -2.960504
   0.96321     -2.938854
   0.99240     -2.910422
   1.02159     -2.879778
   1.05078     -2.850945
   1.07997     -2.827492
   1.10915     -2.812197
   1.13834     -2.806878
   1.13834     -2.806878
   1.15503     -2.806611
   1.17171     -2.805840
   1.18840     -2.804693
   1.20509     -2.803326
   1.22177     -2.801941
   1.23846     -2.800808
   1.25514     -2.800185
   1.27183     -2.800380
   1.28852     -2.801657
   1.30520     -2.804378
   1.32189     -2.808834
   1.33857     -2.871375
   1.35526     -2.963202
   1.37194     -3.056358
   1.38863     -3.150358
   1.40532     -3.244926
   1.42200     -3.339574
   1.43869     -3.433836
   1.45537     -3.527111
   1.47206     -3.618651
   1.48875     -3.707415
   1.50543     -3.792012
   1.52212     -3.870456
   1.53880     -3.940007
   1.55549     -3.997010
   1.57218     -4.036933
   1.58886     -4.044186
   1.60555     -4.032046
   1.62223     -4.017108
   1.63892     -4.000633
   1.65561     -3.982779
   1.67229     -3.963771
   1.68898     -3.943815
   1.70566     -3.923230
   1.72235     -3.902379
   1.73903     -3.882130
   1.75572     -3.864303
   1.77241     -3.853004
   1.78909     -3.854682
   1.78909     -3.854682
   1.82246     -3.822532
   1.85583     -3.798711
   1.88919     -3.784563
   1.92256     -3.781099
   1.95593     -3.789027
   1.98929     -3.808833
   2.02266     -3.840488
   2.05603     -3.883614
   2.08939     -3.937761
   2.12276     -4.000838
   2.15613     -3.988341
   2.18949     -3.874323
   2.22286     -3.763834
   2.25623     -3.659621
   2.28959     -3.562731
   2.32296     -3.474136
   2.35633     -3.394550
   2.38969     -3.324289
   2.42306     -3.263085
   2.45643     -3.209762
   2.48979     -3.162052
   2.52316     -3.115528
   2.55653     -3.057432
   2.58989     -2.933451
   2.62326     -2.813160
   2.65663     -2.700140
   2.68999     -2.600148
   2.72336     -2.472242
   2.75673     -2.291436
   2.79009     -2.104659
   2.82346     -1.917397
   2.85683     -1.734279
   2.89019     -1.559142
   2.92356     -1.395912
   2.95693     -1.248752
   2.99029     -1.122746
   3.02366     -1.023977
   3.05703     -0.960981
   3.09039     -0.946087
 
# Band-Index    8
   3.09039     -0.934119
   3.05703     -0.953508
   3.02366     -1.007697
   2.99029     -1.087068
   2.95693     -1.182418
   2.92356     -1.286751
   2.89019     -1.394464
   2.85683     -1.500204
   2.82346     -1.598096
   2.79009     -1.681476
   2.75673     -1.743515
   2.72336     -1.782915
   2.68999     -1.805119
   2.65663     -1.819061
   2.62326     -1.833165
   2.58989     -1.853199
   2.55653     -1.882768
   2.52316     -1.923770
   2.48979     -1.976799
   2.45643     -2.041297
   2.42306     -2.116107
   2.38969     -2.199436
   2.35633     -2.289515
   2.32296     -2.384450
   2.28959     -2.482582
   2.25623     -2.582338
   2.22286     -2.682455
   2.18949     -2.781946
   2.15613     -2.879876
   2.12276     -2.975629
   2.08939     -3.068783
   2.05603     -3.158784
   2.02266     -3.245466
   1.98929     -3.328441
   1.95593     -3.407565
   1.92256     -3.482630
   1.88919     -3.553219
   1.85583     -3.618638
   1.82246     -3.676805
   1.78909     -3.718917
   1.78909     -3.718917
   1.77241     -3.702283
   1.75572     -3.669454
   1.73903     -3.628379
   1.72235     -3.583504
   1.70566     -3.536785
   1.68898     -3.489238
   1.67229     -3.441488
   1.65561     -3.393933
   1.63892     -3.346881
   1.62223     -3.300620
   1.60555     -3.255379
   1.58886     -3.211411
   1.57218     -3.168935
   1.55549     -3.128160
   1.53880     -3.089303
   1.52212     -3.052506
   1.50543     -3.017961
   1.48875     -2.985801
   1.47206     -2.956161
   1.45537     -2.929153
   1.43869     -2.904831
   1.42200     -2.883248
   1.40532     -2.864411
   1.38863     -2.848280
   1.37194     -2.834786
   1.35526     -2.823809
   1.33857     -2.815211
   1.32189     -2.781186
   1.30520     -2.693127
   1.28852     -2.607378
   1.27183     -2.524610
   1.25514     -2.445253
   1.23846     -2.370053
   1.22177     -2.299998
   1.20509     -2.236304
   1.18840     -2.181364
   1.17171     -2.137898
   1.15503     -2.109510
   1.13834     -2.099626
   1.13834     -2.099626
   1.10915     -2.096295
   1.07997     -2.086894
   1.05078     -2.072203
   1.02159     -2.053406
   0.99240     -2.031478
   0.96321     -2.007360
   0.93402     -1.981288
   0.90484     -1.953992
   0.87565     -1.925340
   0.84646     -1.895181
   0.81727     -1.863354
   0.78808     -1.829415
   0.75889     -1.792839
   0.72971     -1.800347
   0.70052     -1.827871
   0.67133     -1.852795
   0.64214     -1.873998
   0.61295     -1.890197
   0.58377     -1.900349
   0.55458     -1.903362
   0.52539     -1.898392
   0.49620     -1.884836
   0.46701     -1.862418
   0.43782     -1.831089
   0.40864     -1.791167
   0.37945     -1.743087
   0.35026     -1.687582
   0.32107     -1.625619
   0.29188     -1.558057
   0.26269     -1.485889
   0.23351     -1.410281
   0.20432     -1.332523
   0.17513     -1.254079
   0.14594     -1.176909
   0.11675     -1.103486
   0.08756     -1.037317
   0.05838     -0.983169
   0.02919     -0.946824
   0.00000     -0.934119
 
# Band-Index    9
   0.00000     -0.934043
   0.02919     -0.942227
   0.05838     -0.945166
   0.08756     -0.947960
   0.11675     -0.951793
   0.14594     -0.957053
   0.17513     -0.963878
   0.20432     -0.972778
   0.23351     -0.983979
   0.26269     -0.998262
   0.29188     -1.016100
   0.32107     -1.038312
   0.35026     -1.065650
   0.37945     -1.098948
   0.40864     -1.138744
   0.43782     -1.185331
   0.46701     -1.238500
   0.49620     -1.297093
   0.52539     -1.359711
   0.55458     -1.424269
   0.58377     -1.488393
   0.61295     -1.550160
   0.64214     -1.608025
   0.67133     -1.661200
   0.70052     -1.709456
   0.72971     -1.753182
   0.75889     -1.771165
   0.78808     -1.741452
   0.81727     -1.712028
   0.84646     -1.683655
   0.87565     -1.656763
   0.90484     -1.631888
   0.93402     -1.609413
   0.96321     -1.589856
   0.99240     -1.572922
   1.02159     -1.559018
   1.05078     -1.548164
   1.07997     -1.540382
   1.10915     -1.535718
   1.13834     -1.534276
   1.13834     -1.534276
   1.15503     -1.526373
   1.17171     -1.504510
   1.18840     -1.471898
   1.20509     -1.431941
   1.22177     -1.387312
   1.23846     -1.340104
   1.25514     -1.291309
   1.27183     -1.241622
   1.28852     -1.191285
   1.30520     -1.140869
   1.32189     -1.090261
   1.33857     -1.039574
   1.35526     -0.988898
   1.37194     -0.938010
   1.38863     -0.886931
   1.40532     -0.835563
   1.42200     -0.783798
   1.43869     -0.731484
   1.45537     -0.678727
   1.47206     -0.625388
   1.48875     -0.571376
   1.50543     -0.516654
   1.52212     -0.461204
   1.53880     -0.404900
   1.55549     -0.347877
   1.57218     -0.290077
   1.58886     -0.231508
   1.60555     -0.172210
   1.62223     -0.112251
   1.63892     -0.051669
   1.65561      0.009294
   1.67229      0.070541
   1.68898      0.131688
   1.70566      0.192366
   1.72235      0.252024
   1.73903      0.309675
   1.75572      0.363724
   1.77241      0.411093
   1.78909      0.442217
   1.78909      0.442217
   1.82246      0.390598
   1.85583      0.342912
   1.88919      0.299368
   1.92256      0.259959
   1.95593      0.224769
   1.98929      0.193458
   2.02266      0.133992
   2.05603      0.068927
   2.08939      0.001366
   2.12276     -0.069233
   2.15613     -0.143278
   2.18949     -0.220405
   2.22286     -0.299915
   2.25623     -0.380386
   2.28959     -0.460258
   2.32296     -0.537822
   2.35633     -0.611187
   2.38969     -0.678730
   2.42306     -0.739280
   2.45643     -0.791446
   2.48979     -0.835129
   2.52316     -0.870147
   2.55653     -0.897184
   2.58989     -0.916855
   2.62326     -0.930453
   2.65663     -0.939073
   2.68999     -0.944010
   2.72336     -0.946248
   2.75673     -0.946923
   2.79009     -0.946567
   2.82346     -0.945692
   2.85683     -0.944821
   2.89019     -0.944046
   2.92356     -0.943520
   2.95693     -0.943120
   2.99029     -0.942869
   3.02366     -0.942595
   3.05703     -0.941453
   3.09039     -0.934043
 
# Band-Index   10
   3.09039     -0.132810
   3.05703     -0.122377
   3.02366     -0.093917
   2.99029     -0.053275
   2.95693     -0.005140
   2.92356      0.047618
   2.89019      0.103247
   2.85683      0.161609
   2.82346      0.222923
   2.79009      0.287041
   2.75673      0.354629
   2.72336      0.362538
   2.68999      0.345718
   2.65663      0.315632
   2.62326      0.276698
   2.58989      0.233498
   2.55653      0.190287
   2.52316      0.150751
   2.48979      0.116662
   2.45643      0.089500
   2.42306      0.069286
   2.38969      0.055914
   2.35633      0.048327
   2.32296      0.045915
   2.28959      0.047700
   2.25623      0.053030
   2.22286      0.061461
   2.18949      0.072405
   2.15613      0.085811
   2.12276      0.101726
   2.08939      0.120154
   2.05603      0.141511
   2.02266      0.165767
   1.98929      0.197510
   1.95593      0.260296
   1.92256      0.322434
   1.88919      0.383151
   1.85583      0.438950
   1.82246      0.479576
   1.78909      0.480341
   1.78909      0.480341
   1.77241      0.500116
   1.75572      0.527876
   1.73903      0.557220
   1.72235      0.587272
   1.70566      0.617686
   1.68898      0.648215
   1.67229      0.678574
   1.65561      0.708457
   1.63892      0.737733
   1.62223      0.766130
   1.60555      0.793306
   1.58886      0.818975
   1.57218      0.842901
   1.55549      0.864895
   1.53880      0.884751
   1.52212      0.902363
   1.50543      0.917749
   1.48875      0.930966
   1.47206      0.942130
   1.45537      0.951440
   1.43869      0.959224
   1.42200      0.965594
   1.40532      0.971089
   1.38863      0.975856
   1.37194      0.979983
   1.35526      0.983722
   1.33857      0.987361
   1.32189      0.990927
   1.30520      0.994439
   1.28852      0.997957
   1.27183      1.001384
   1.25514      1.004846
   1.23846      1.008067
   1.22177      1.011018
   1.20509      1.013679
   1.18840      1.015872
   1.17171      1.017518
   1.15503      1.018495
   1.13834      1.018800
   1.13834      1.018800
   1.10915      1.017175
   1.07997      1.012531
   1.05078      1.004985
   1.02159      0.995002
   0.99240      0.982924
   0.96321      0.969192
   0.93402      0.954335
   0.90484      0.938661
   0.87565      0.922826
   0.84646      0.907245
   0.81727      0.892146
   0.78808      0.877909
   0.75889      0.864400
   0.72971      0.851650
   0.70052      0.839402
   0.67133      0.772359
   0.64214      0.708779
   0.61295      0.649357
   0.58377      0.594421
   0.55458      0.543728
   0.52539      0.497237
   0.49620      0.454678
   0.46701      0.414995
   0.43782      0.377751
   0.40864      0.341732
   0.37945      0.306138
   0.35026      0.270539
   0.32107      0.234273
   0.29188      0.197407
   0.26269      0.159943
   0.23351      0.121733
   0.20432      0.082860
   0.17513      0.043542
   0.14594      0.003867
   0.11675     -0.035013
   0.08756     -0.071580
   0.05838     -0.102903
   0.02919     -0.124779
   0.00000     -0.132810
 
# Band-Index   11
   0.00000     -0.132797
   0.02919     -0.120401
   0.05838     -0.085770
   0.08756     -0.034310
   0.11675      0.027897
   0.14594      0.096215
   0.17513      0.167376
   0.20432      0.238474
   0.23351      0.308010
   0.26269      0.374486
   0.29188      0.437029
   0.32107      0.494960
   0.35026      0.547741
   0.37945      0.594976
   0.40864      0.636749
   0.43782      0.673105
   0.46701      0.704381
   0.49620      0.730786
   0.52539      0.753133
   0.55458      0.772079
   0.58377      0.788363
   0.61295      0.802541
   0.64214      0.815354
   0.67133      0.827522
   0.70052      0.839769
   0.72971      0.910613
   0.75889      0.984379
   0.78808      1.060349
   0.81727      1.137772
   0.84646      1.215871
   0.87565      1.293440
   0.90484      1.369463
   0.93402      1.442557
   0.96321      1.511045
   0.99240      1.573362
   1.02159      1.627713
   1.05078      1.672369
   1.07997      1.705717
   1.10915      1.726292
   1.13834      1.733367
   1.13834      1.733367
   1.15503      1.732672
   1.17171      1.730594
   1.18840      1.727001
   1.20509      1.722030
   1.22177      1.715592
   1.23846      1.707759
   1.25514      1.698492
   1.27183      1.687672
   1.28852      1.675429
   1.30520      1.661659
   1.32189      1.646363
   1.33857      1.629479
   1.35526      1.611110
   1.37194      1.591196
   1.38863      1.569762
   1.40532      1.546746
   1.42200      1.522273
   1.43869      1.496410
   1.45537      1.469102
   1.47206      1.440491
   1.48875      1.410583
   1.50543      1.379437
   1.52212      1.347157
   1.53880      1.313830
   1.55549      1.279508
   1.57218      1.244336
   1.58886      1.208447
   1.60555      1.171956
   1.62223      1.135007
   1.63892      1.097786
   1.65561      1.060541
   1.67229      1.023465
   1.68898      0.986894
   1.70566      0.951232
   1.72235      0.917097
   1.73903      0.885442
   1.75572      0.857611
   1.77241      0.835829
   1.78909      0.823477
   1.78909      0.823477
   1.82246      0.879727
   1.85583      0.975215
   1.88919      1.083388
   1.92256      1.191368
   1.95593      1.292941
   1.98929      1.383753
   2.02266      1.460713
   2.05603      1.521135
   2.08939      1.563255
   2.12276      1.587059
   2.15613      1.593767
   2.18949      1.584999
   2.22286      1.562174
   2.25623      1.526157
   2.28959      1.477757
   2.32296      1.417992
   2.35633      1.348474
   2.38969      1.271212
   2.42306      1.188069
   2.45643      1.101209
   2.48979      1.012143
   2.52316      0.922501
   2.55653      0.833426
   2.58989      0.746161
   2.62326      0.661197
   2.65663      0.579322
   2.68999      0.500758
   2.72336      0.425907
   2.75673      0.362848
   2.79009      0.345351
   2.82346      0.310850
   2.85683      0.261188
   2.89019      0.199999
   2.92356      0.131028
   2.95693      0.058768
   2.99029     -0.011598
   3.02366     -0.073086
   3.05703     -0.116694
   3.09039     -0.132797
 
# Band-Index   12
   3.09039      3.158189
   3.05703      3.145266
   3.02366      3.107638
   2.99029      3.048823
   2.95693      2.974359
   2.92356      2.890518
   2.89019      2.804065
   2.85683      2.721920
   2.82346      2.650559
   2.79009      2.595640
   2.75673      2.562671
   2.72336      2.554217
   2.68999      2.571062
   2.65663      2.611794
   2.62326      2.655383
   2.58989      2.587300
   2.55653      2.518903
   2.52316      2.451502
   2.48979      2.386127
   2.45643      2.324104
   2.42306      2.266832
   2.38969      2.215792
   2.35633      2.172122
   2.32296      2.137364
   2.28959      2.112918
   2.25623      2.099422
   2.22286      2.097496
   2.18949      2.107104
   2.15613      2.128416
   2.12276      2.162389
   2.08939      2.210465
   2.05603      2.273310
   2.02266      2.350590
   1.98929      2.441143
   1.95593      2.542877
   1.92256      2.653320
   1.88919      2.770208
   1.85583      2.890983
   1.82246      3.013270
   1.78909      3.134987
   1.78909      3.134987
   1.77241      3.090216
   1.75572      3.036019
   1.73903      2.981056
   1.72235      2.927154
   1.70566      2.875160
   1.68898      2.825672
   1.67229      2.779041
   1.65561      2.735789
   1.63892      2.696369
   1.62223      2.661251
   1.60555      2.630990
   1.58886      2.605916
   1.57218      2.586409
   1.55549      2.572799
   1.53880      2.565310
   1.52212      2.564093
   1.50543      2.569253
   1.48875      2.580697
   1.47206      2.598245
   1.45537      2.621673
   1.43869      2.650449
   1.42200      2.684115
   1.40532      2.722198
   1.38863      2.764055
   1.37194      2.808971
   1.35526      2.856437
   1.33857      2.905660
   1.32189      2.955918
   1.30520      3.006358
   1.28852      3.056289
   1.27183      3.104723
   1.25514      3.150836
   1.23846      3.193636
   1.22177      3.232160
   1.20509      3.265481
   1.18840      3.292499
   1.17171      3.312480
   1.15503      3.324848
   1.13834      3.328976
   1.13834      3.328976
   1.10915      3.328261
   1.07997      3.326111
   1.05078      3.322426
   1.02159      3.317415
   0.99240      3.310963
   0.96321      3.303072
   0.93402      3.293762
   0.90484      3.283005
   0.87565      3.270830
   0.84646      3.257386
   0.81727      3.242651
   0.78808      3.226947
   0.75889      3.188459
   0.72971      3.071342
   0.70052      2.956582
   0.67133      2.845769
   0.64214      2.740591
   0.61295      2.642936
   0.58377      2.554668
   0.55458      2.477709
   0.52539      2.414125
   0.49620      2.365849
   0.46701      2.334392
   0.43782      2.320978
   0.40864      2.326227
   0.37945      2.349867
   0.35026      2.390792
   0.32107      2.447065
   0.29188      2.516065
   0.26269      2.594741
   0.23351      2.679844
   0.20432      2.767470
   0.17513      2.854147
   0.14594      2.936196
   0.11675      3.009969
   0.08756      3.071964
   0.05838      3.118940
   0.02919      3.148264
   0.00000      3.158189
 
# Band-Index   13
   0.00000      3.158309
   0.02919      3.156726
   0.05838      3.152219
   0.08756      3.145021
   0.11675      3.135501
   0.14594      3.124105
   0.17513      3.111493
   0.20432      3.098222
   0.23351      3.085108
   0.26269      3.072721
   0.29188      3.061836
   0.32107      3.053029
   0.35026      3.046781
   0.37945      3.043492
   0.40864      3.043306
   0.43782      3.046335
   0.46701      3.052517
   0.49620      3.061463
   0.52539      3.073115
   0.55458      3.086931
   0.58377      3.102625
   0.61295      3.119662
   0.64214      3.137551
   0.67133      3.155923
   0.70052      3.174330
   0.72971      3.192468
   0.75889      3.210163
   0.78808      3.306030
   0.81727      3.422460
   0.84646      3.536397
   0.87565      3.645853
   0.90484      3.749459
   0.93402      3.845638
   0.96321      3.933172
   0.99240      4.011059
   1.02159      4.078267
   1.05078      4.133855
   1.07997      4.176227
   1.10915      4.202941
   1.13834      4.212120
   1.13834      4.212120
   1.15503      4.211762
   1.17171      4.210495
   1.18840      4.208382
   1.20509      4.205401
   1.22177      4.201559
   1.23846      4.196808
   1.25514      4.191163
   1.27183      4.184550
   1.28852      4.177089
   1.30520      4.168540
   1.32189      4.158969
   1.33857      4.148207
   1.35526      4.136237
   1.37194      4.123050
   1.38863      4.108563
   1.40532      4.092700
   1.42200      4.075370
   1.43869      4.056463
   1.45537      4.035952
   1.47206      4.013762
   1.48875      3.989736
   1.50543      3.963888
   1.52212      3.936083
   1.53880      3.906262
   1.55549      3.874325
   1.57218      3.840232
   1.58886      3.803965
   1.60555      3.765487
   1.62223      3.724777
   1.63892      3.681897
   1.65561      3.636865
   1.67229      3.589775
   1.68898      3.540657
   1.70566      3.489608
   1.72235      3.436934
   1.73903      3.382974
   1.75572      3.328227
   1.77241      3.274268
   1.78909      3.229690
   1.78909      3.229690
   1.82246      3.349992
   1.85583      3.468478
   1.88919      3.581995
   1.92256      3.687483
   1.95593      3.781976
   1.98929      3.862214
   2.02266      3.925476
   2.05603      3.969408
   2.08939      3.992044
   2.12276      3.992918
   2.15613      3.972375
   2.18949      3.931828
   2.22286      3.873214
   2.25623      3.799076
   2.28959      3.712098
   2.32296      3.614726
   2.35633      3.509567
   2.38969      3.398929
   2.42306      3.285049
   2.45643      3.170329
   2.48979      3.057105
   2.52316      2.947758
   2.55653      2.845134
   2.58989      2.752534
   2.62326      2.673529
   2.65663      2.722173
   2.68999      2.786453
   2.72336      2.847348
   2.75673      2.903933
   2.79009      2.955490
   2.82346      3.001611
   2.85683      3.041485
   2.89019      3.075010
   2.92356      3.102309
   2.95693      3.123607
   2.99029      3.139348
   3.02366      3.150087
   3.05703      3.156190
   3.09039      3.158310
 
# Band-Index   14
   3.09039      4.433053
   3.05703      4.438005
   3.02366      4.452766
   2.99029      4.477075
   2.95693      4.510566
   2.92356      4.552804
   2.89019      4.603356
   2.85683      4.661847
   2.82346      4.727963
   2.79009      4.801474
   2.75673      4.882235
   2.72336      4.970144
   2.68999      5.065134
   2.65663      5.167161
   2.62326      5.276140
   2.58989      5.392024
   2.55653      5.514686
   2.52316      5.644011
   2.48979      5.779735
   2.45643      5.921593
   2.42306      6.069134
   2.38969      6.221736
   2.35633      6.378377
   2.32296      6.537490
   2.28959      6.696334
   2.25623      6.849360
   2.22286      6.983736
   2.18949      7.070308
   2.15613      7.088527
   2.12276      7.066794
   2.08939      7.029867
   2.05603      6.986772
   2.02266      6.940491
   1.98929      6.894992
   1.95593      6.852273
   1.92256      6.814183
   1.88919      6.782611
   1.85583      6.758309
   1.82246      6.742204
   1.78909      6.734532
   1.78909      6.734531
   1.77241      6.736385
   1.75572      6.740142
   1.73903      6.745608
   1.72235      6.752544
   1.70566      6.761129
   1.68898      6.770740
   1.67229      6.780897
   1.65561      6.791414
   1.63892      6.801619
   1.62223      6.811190
   1.60555      6.819606
   1.58886      6.826199
   1.57218      6.830369
   1.55549      6.831491
   1.53880      6.779607
   1.52212      6.678001
   1.50543      6.577622
   1.48875      6.478938
   1.47206      6.382079
   1.45537      6.287071
   1.43869      6.194055
   1.42200      6.103299
   1.40532      6.014895
   1.38863      5.929099
   1.37194      5.846018
   1.35526      5.765978
   1.33857      5.689420
   1.32189      5.616271
   1.30520      5.546870
   1.28852      5.481851
   1.27183      5.421423
   1.25514      5.366172
   1.23846      5.316518
   1.22177      5.273039
   1.20509      5.236489
   1.18840      5.207044
   1.17171      5.185678
   1.15503      5.172653
   1.13834      5.168260
   1.13834      5.168260
   1.10915      5.182380
   1.07997      5.223457
   1.05078      5.287044
   1.02159      5.368657
   0.99240      5.463574
   0.96321      5.567182
   0.93402      5.676793
   0.90484      5.790582
   0.87565      5.907865
   0.84646      6.028888
   0.81727      6.152871
   0.78808      6.274085
   0.75889      6.340337
   0.72971      6.284036
   0.70052      6.179630
   0.67133      6.060995
   0.64214      5.939176
   0.61295      5.818392
   0.58377      5.700512
   0.55458      5.586507
   0.52539      5.476893
   0.49620      5.372000
   0.46701      5.272031
   0.43782      5.177132
   0.40864      5.087404
   0.37945      5.002920
   0.35026      4.923740
   0.32107      4.849925
   0.29188      4.781539
   0.26269      4.718669
   0.23351      4.661428
   0.20432      4.609973
   0.17513      4.564522
   0.14594      4.525318
   0.11675      4.492657
   0.08756      4.466839
   0.05838      4.448156
   0.02919      4.436842
   0.00000      4.433051
 
# Band-Index   15
   0.00000      4.530590
   0.02919      4.534222
   0.05838      4.545084
   0.08756      4.563096
   0.11675      4.588175
   0.14594      4.620187
   0.17513      4.659042
   0.20432      4.704630
   0.23351      4.756859
   0.26269      4.815618
   0.29188      4.880826
   0.32107      4.952383
   0.35026      5.030174
   0.37945      5.114075
   0.40864      5.203956
   0.43782      5.299657
   0.46701      5.400991
   0.49620      5.507740
   0.52539      5.619585
   0.55458      5.736142
   0.58377      5.856815
   0.61295      5.980782
   0.64214      6.106693
   0.67133      6.232706
   0.70052      6.356092
   0.72971      6.472960
   0.75889      6.477903
   0.78808      6.440922
   0.81727      6.415201
   0.84646      6.368001
   0.87565      6.310028
   0.90484      6.252847
   0.93402      6.204107
   0.96321      6.167879
   0.99240      6.146230
   1.02159      6.137578
   1.05078      6.139406
   1.07997      6.146716
   1.10915      6.153991
   1.13834      6.156948
   1.13834      6.156948
   1.15503      6.159812
   1.17171      6.168069
   1.18840      6.181661
   1.20509      6.200444
   1.22177      6.224064
   1.23846      6.252201
   1.25514      6.284395
   1.27183      6.320105
   1.28852      6.358956
   1.30520      6.400017
   1.32189      6.442888
   1.33857      6.486399
   1.35526      6.529905
   1.37194      6.572841
   1.38863      6.614381
   1.40532      6.653642
   1.42200      6.690148
   1.43869      6.723195
   1.45537      6.752228
   1.47206      6.776812
   1.48875      6.796817
   1.50543      6.812161
   1.52212      6.822890
   1.53880      6.829321
   1.55549      6.882829
   1.57218      6.986755
   1.58886      7.091691
   1.60555      7.197396
   1.62223      7.303641
   1.63892      7.410288
   1.65561      7.516981
   1.67229      7.623546
   1.68898      7.729295
   1.70566      7.833594
   1.72235      7.935473
   1.73903      8.033421
   1.75572      8.124234
   1.77241      8.202256
   1.78909      8.250033
   1.78909      8.249914
   1.82246      8.187116
   1.85583      8.107256
   1.88919      7.975906
   1.92256      7.847438
   1.95593      7.728999
   1.98929      7.623171
   2.02266      7.531877
   2.05603      7.453990
   2.08939      7.386307
   2.12276      7.323689
   2.15613      7.258126
   2.18949      7.181303
   2.22286      7.086573
   2.25623      6.972053
   2.28959      6.840382
   2.32296      6.696428
   2.35633      6.545347
   2.38969      6.391261
   2.42306      6.237221
   2.45643      6.085528
   2.48979      5.937722
   2.52316      5.794940
   2.55653      5.658000
   2.58989      5.527544
   2.62326      5.404027
   2.65663      5.287829
   2.68999      5.179218
   2.72336      5.078441
   2.75673      4.985673
   2.79009      4.901092
   2.82346      4.824860
   2.85683      4.757047
   2.89019      4.697822
   2.92356      4.647314
   2.95693      4.605659
   2.99029      4.573010
   3.02366      4.549525
   3.05703      4.535516
   3.09039      4.530592
 
# Band-Index   16
   3.09039      5.279331
   3.05703      5.284230
   3.02366      5.298803
   2.99029      5.322785
   2.95693      5.355993
   2.92356      5.397966
   2.89019      5.448386
   2.85683      5.507037
   2.82346      5.573420
   2.79009      5.647309
   2.75673      5.728845
   2.72336      5.817890
   2.68999      5.915322
   2.65663      6.018321
   2.62326      6.129189
   2.58989      6.247763
   2.55653      6.373545
   2.52316      6.508508
   2.48979      6.647045
   2.45643      6.794577
   2.42306      6.949236
   2.38969      7.112915
   2.35633      7.283403
   2.32296      7.507537
   2.28959      7.447645
   2.25623      7.390762
   2.22286      7.357020
   2.18949      7.369405
   2.15613      7.440285
   2.12276      7.532359
   2.08939      7.616757
   2.05603      7.689863
   2.02266      7.757177
   1.98929      7.824801
   1.95593      7.895835
   1.92256      7.969422
   1.88919      8.044475
   1.85583      8.117903
   1.82246      8.224950
   1.78909      8.285264
   1.78909      8.286116
   1.77241      8.305825
   1.75572      8.327433
   1.73903      8.349171
   1.72235      8.370347
   1.70566      8.389129
   1.68898      8.405868
   1.67229      8.421121
   1.65561      8.435009
   1.63892      8.448004
   1.62223      8.460442
   1.60555      8.473760
   1.58886      8.485329
   1.57218      8.498527
   1.55549      8.513428
   1.53880      8.527824
   1.52212      8.544434
   1.50543      8.566206
   1.48875      8.588905
   1.47206      8.603775
   1.45537      8.624211
   1.43869      8.583070
   1.42200      8.433851
   1.40532      8.313172
   1.38863      8.194442
   1.37194      8.081154
   1.35526      7.962187
   1.33857      7.854062
   1.32189      7.751365
   1.30520      7.654414
   1.28852      7.564551
   1.27183      7.480939
   1.25514      7.405836
   1.23846      7.339789
   1.22177      7.282843
   1.20509      7.235732
   1.18840      7.197946
   1.17171      7.173002
   1.15503      7.154676
   1.13834      7.149092
   1.13834      7.149169
   1.10915      7.161139
   1.07997      7.195850
   1.05078      7.247369
   1.02159      7.307863
   0.99240      7.389221
   0.96321      7.419237
   0.93402      7.384480
   0.90484      7.329634
   0.87565      7.143754
   0.84646      6.999733
   0.81727      6.858087
   0.78808      6.723338
   0.75889      6.600604
   0.72971      6.605983
   0.70052      6.746090
   0.67133      6.889660
   0.64214      6.832208
   0.61295      6.692891
   0.58377      6.570492
   0.55458      6.452140
   0.52539      6.338689
   0.49620      6.230524
   0.46701      6.127765
   0.43782      6.030494
   0.40864      5.938758
   0.37945      5.852593
   0.35026      5.772036
   0.32107      5.697138
   0.29188      5.627902
   0.26269      5.564544
   0.23351      5.506777
   0.20432      5.455154
   0.17513      5.409707
   0.14594      5.370723
   0.11675      5.338213
   0.08756      5.312647
   0.05838      5.294191
   0.02919      5.283033
   0.00000      5.279298
