      #Energy        TDOS
     -15.45116       0.00000
     -15.44316       0.00000
     -15.43416       0.00000
     -15.42516       0.00000
     -15.41716       0.00000
     -15.40816       0.00000
     -15.39916       0.00000
     -15.39116       0.00000
     -15.38216       0.00000
     -15.37316       0.00000
     -15.36416       0.00000
     -15.35616       0.00000
     -15.34716       0.00000
     -15.33816       0.00000
     -15.33016       0.00000
     -15.32116       0.00000
     -15.31216       0.00000
     -15.30316       0.00000
     -15.29516       0.00000
     -15.28616       0.00000
     -15.27716       0.00000
     -15.26916       0.00000
     -15.26016       0.00000
     -15.25116       0.00000
     -15.24316       0.00000
     -15.23416       0.00000
     -15.22516       0.00000
     -15.21616       0.00000
     -15.20816       0.00000
     -15.19916       0.00000
     -15.19016       0.00000
     -15.18216       0.00000
     -15.17316       0.00000
     -15.16416       0.00000
     -15.15516       0.00000
     -15.14716       0.00000
     -15.13816       0.00000
     -15.12916       0.00000
     -15.12116       0.00000
     -15.11216       0.00000
     -15.10316       0.00000
     -15.09516       0.00000
     -15.08616       0.00000
     -15.07716       0.00000
     -15.06816       0.00000
     -15.06016       0.00000
     -15.05116       0.00000
     -15.04216       0.00000
     -15.03416       0.00000
     -15.02516       0.00000
     -15.01616       0.00000
     -15.00716       0.00000
     -14.99916       0.00000
     -14.99016       0.00000
     -14.98116       0.00000
     -14.97316       0.00000
     -14.96416       0.00000
     -14.95516       0.00000
     -14.94716       0.00000
     -14.93816       0.00000
     -14.92916       0.00000
     -14.92016       0.00000
     -14.91216       0.00000
     -14.90316       0.00000
     -14.89416       0.00000
     -14.88616       0.00000
     -14.87716       0.00000
     -14.86816       0.00000
     -14.85916       0.00000
     -14.85116       0.00000
     -14.84216       0.00000
     -14.83316       0.00000
     -14.82516       0.00000
     -14.81616       0.00000
     -14.80716       0.00000
     -14.79916       0.00000
     -14.79016       0.00000
     -14.78116       0.00000
     -14.77216       0.00000
     -14.76416       0.00000
     -14.75516       0.00000
     -14.74616       0.00000
     -14.73816       0.00000
     -14.72916       0.00000
     -14.72016       0.00000
     -14.71216       0.00000
     -14.70316       0.00000
     -14.69416       0.00000
     -14.68516       0.00000
     -14.67716       0.00000
     -14.66816       0.00000
     -14.65916       0.00000
     -14.65116       0.00000
     -14.64216       0.00000
     -14.63316       0.00000
     -14.62416       0.00000
     -14.61616       0.00000
     -14.60716       0.00000
     -14.59816       0.00000
     -14.59016       0.00000
     -14.58116       0.00000
     -14.57216       0.00000
     -14.56416       0.00000
     -14.55516       0.00000
     -14.54616       0.00000
     -14.53716       0.00000
     -14.52916       0.00000
     -14.52016       0.00000
     -14.51116       0.00000
     -14.50316       0.00000
     -14.49416       0.00000
     -14.48516       0.00000
     -14.47616       0.00000
     -14.46816       0.00000
     -14.45916       0.00000
     -14.45016       0.00000
     -14.44216       0.00000
     -14.43316       0.00000
     -14.42416       0.00000
     -14.41616       0.00000
     -14.40716       0.00001
     -14.39816       0.00003
     -14.38916       0.00007
     -14.38116       0.00017
     -14.37216       0.00041
     -14.36316       0.00092
     -14.35516       0.00196
     -14.34616       0.00396
     -14.33716       0.00759
     -14.32816       0.01375
     -14.32016       0.02365
     -14.31116       0.03858
     -14.30216       0.05983
     -14.29416       0.08830
     -14.28516       0.12420
     -14.27616       0.16690
     -14.26816       0.21480
     -14.25916       0.26520
     -14.25016       0.31530
     -14.24116       0.36230
     -14.23316       0.40380
     -14.22416       0.43850
     -14.21516       0.46570
     -14.20716       0.48610
     -14.19816       0.50050
     -14.18916       0.51030
     -14.18016       0.51680
     -14.17216       0.52100
     -14.16316       0.52390
     -14.15416       0.52590
     -14.14616       0.52750
     -14.13716       0.52890
     -14.12816       0.53020
     -14.12016       0.53140
     -14.11116       0.53260
     -14.10216       0.53380
     -14.09316       0.53500
     -14.08516       0.53640
     -14.07616       0.53780
     -14.06716       0.53900
     -14.05916       0.54010
     -14.05016       0.54110
     -14.04116       0.54230
     -14.03316       0.54380
     -14.02416       0.54550
     -14.01516       0.54730
     -14.00616       0.54870
     -13.99816       0.54970
     -13.98916       0.55030
     -13.98016       0.55100
     -13.97216       0.55230
     -13.96316       0.55440
     -13.95416       0.55690
     -13.94516       0.55940
     -13.93716       0.56100
     -13.92816       0.56140
     -13.91916       0.56120
     -13.91116       0.56110
     -13.90216       0.56210
     -13.89316       0.56470
     -13.88516       0.56850
     -13.87616       0.57230
     -13.86716       0.57500
     -13.85816       0.57560
     -13.85016       0.57460
     -13.84116       0.57290
     -13.83216       0.57230
     -13.82416       0.57390
     -13.81516       0.57810
     -13.80616       0.58370
     -13.79716       0.58910
     -13.78916       0.59240
     -13.78016       0.59260
     -13.77116       0.59030
     -13.76316       0.58700
     -13.75416       0.58490
     -13.74516       0.58580
     -13.73716       0.59030
     -13.72816       0.59750
     -13.71916       0.60520
     -13.71016       0.61100
     -13.70216       0.61310
     -13.69316       0.61110
     -13.68416       0.60650
     -13.67616       0.60160
     -13.66716       0.59930
     -13.65816       0.60130
     -13.64916       0.60780
     -13.64116       0.61730
     -13.63216       0.62710
     -13.62316       0.63410
     -13.61516       0.63640
     -13.60616       0.63370
     -13.59716       0.62760
     -13.58916       0.62090
     -13.58016       0.61690
     -13.57116       0.61800
     -13.56216       0.62460
     -13.55416       0.63550
     -13.54516       0.64770
     -13.53616       0.65770
     -13.52816       0.66270
     -13.51916       0.66180
     -13.51016       0.65580
     -13.50116       0.64750
     -13.49316       0.64050
     -13.48416       0.63790
     -13.47516       0.64170
     -13.46716       0.65160
     -13.45816       0.66520
     -13.44916       0.67910
     -13.44116       0.68940
     -13.43216       0.69360
     -13.42316       0.69090
     -13.41416       0.68320
     -13.40616       0.67370
     -13.39716       0.66620
     -13.38816       0.66420
     -13.38016       0.66930
     -13.37116       0.68080
     -13.36216       0.69640
     -13.35416       0.71190
     -13.34516       0.72360
     -13.33616       0.72850
     -13.32716       0.72610
     -13.31916       0.71790
     -13.31016       0.70740
     -13.30116       0.69900
     -13.29316       0.69630
     -13.28416       0.70120
     -13.27516       0.71330
     -13.26616       0.73010
     -13.25816       0.74750
     -13.24916       0.76130
     -13.24016       0.76840
     -13.23216       0.76770
     -13.22316       0.76040
     -13.21416       0.74980
     -13.20616       0.74040
     -13.19716       0.73620
     -13.18816       0.73990
     -13.17916       0.75160
     -13.17116       0.76920
     -13.16216       0.78850
     -13.15316       0.80500
     -13.14516       0.81540
     -13.13616       0.81810
     -13.12716       0.81430
     -13.11816       0.80790
     -13.11016       0.80440
     -13.10116       0.80990
     -13.09216       0.83000
     -13.08416       0.86820
     -13.07516       0.92550
     -13.06616       1.00100
     -13.05816       1.09000
     -13.04916       1.18900
     -13.04016       1.29200
     -13.03116       1.39500
     -13.02316       1.49600
     -13.01416       1.59100
     -13.00516       1.68200
     -12.99716       1.76600
     -12.98816       1.84300
     -12.97916       1.91300
     -12.97016       1.97300
     -12.96216       2.02100
     -12.95316       2.05600
     -12.94416       2.07700
     -12.93616       2.08600
     -12.92716       2.08900
     -12.91816       2.09000
     -12.91016       2.09500
     -12.90116       2.10700
     -12.89216       2.12700
     -12.88316       2.15500
     -12.87516       2.18500
     -12.86616       2.21400
     -12.85716       2.23600
     -12.84916       2.25200
     -12.84016       2.26000
     -12.83116       2.26500
     -12.82216       2.27100
     -12.81416       2.28200
     -12.80516       2.30200
     -12.79616       2.33100
     -12.78816       2.36400
     -12.77916       2.39800
     -12.77016       2.42900
     -12.76216       2.45300
     -12.75316       2.47000
     -12.74416       2.48400
     -12.73516       2.49800
     -12.72716       2.51600
     -12.71816       2.54300
     -12.70916       2.57700
     -12.70116       2.61700
     -12.69216       2.65800
     -12.68316       2.69700
     -12.67516       2.73100
     -12.66616       2.76000
     -12.65716       2.78700
     -12.64816       2.81700
     -12.64016       2.85300
     -12.63116       2.89700
     -12.62216       2.94900
     -12.61416       3.00600
     -12.60516       3.06400
     -12.59616       3.12100
     -12.58716       3.17700
     -12.57916       3.23500
     -12.57016       3.30000
     -12.56116       3.37700
     -12.55316       3.46600
     -12.54416       3.57000
     -12.53516       3.68500
     -12.52716       3.80900
     -12.51816       3.93700
     -12.50916       4.06700
     -12.50016       4.19400
     -12.49216       4.31100
     -12.48316       4.41200
     -12.47416       4.48900
     -12.46616       4.53400
     -12.45716       4.54600
     -12.44816       4.52600
     -12.43916       4.48200
     -12.43116       4.42300
     -12.42216       4.35800
     -12.41316       4.29500
     -12.40516       4.23900
     -12.39616       4.19300
     -12.38716       4.15900
     -12.37916       4.13700
     -12.37016       4.12700
     -12.36116       4.12900
     -12.35216       4.14200
     -12.34416       4.16500
     -12.33516       4.20000
     -12.32616       4.24500
     -12.31816       4.30400
     -12.30916       4.37500
     -12.30016       4.46200
     -12.29116       4.56300
     -12.28316       4.67800
     -12.27416       4.80200
     -12.26516       4.93000
     -12.25716       5.05000
     -12.24816       5.14800
     -12.23916       5.21100
     -12.23116       5.22500
     -12.22216       5.18000
     -12.21316       5.07300
     -12.20416       4.90900
     -12.19616       4.69800
     -12.18716       4.45700
     -12.17816       4.20200
     -12.17016       3.95000
     -12.16116       3.71200
     -12.15216       3.49600
     -12.14316       3.30300
     -12.13516       3.13100
     -12.12616       2.97500
     -12.11716       2.82800
     -12.10916       2.68000
     -12.10016       2.52500
     -12.09116       2.35300
     -12.08316       2.16000
     -12.07416       1.94400
     -12.06516       1.70700
     -12.05616       1.45500
     -12.04816       1.20000
     -12.03916       0.95420
     -12.03016       0.72860
     -12.02216       0.53290
     -12.01316       0.37240
     -12.00416       0.24820
     -11.99616       0.15750
     -11.98716       0.09497
     -11.97816       0.05437
     -11.96916       0.02952
     -11.96116       0.01519
     -11.95216       0.00740
     -11.94316       0.00341
     -11.93516       0.00149
     -11.92616       0.00061
     -11.91716       0.00024
     -11.90816       0.00009
     -11.90016       0.00003
     -11.89116       0.00001
     -11.88216       0.00000
     -11.87416       0.00000
     -11.86516       0.00000
     -11.85616       0.00000
     -11.84816       0.00000
     -11.83916       0.00000
     -11.83016       0.00000
     -11.82116       0.00000
     -11.81316       0.00000
     -11.80416       0.00000
     -11.79516       0.00000
     -11.78716       0.00000
     -11.77816       0.00000
     -11.76916       0.00000
     -11.76016       0.00000
     -11.75216       0.00000
     -11.74316       0.00000
     -11.73416       0.00000
     -11.72616       0.00000
     -11.71716       0.00000
     -11.70816       0.00000
     -11.70016       0.00000
     -11.69116       0.00000
     -11.68216       0.00000
     -11.67316       0.00000
     -11.66516       0.00000
     -11.65616       0.00000
     -11.64716       0.00000
     -11.63916       0.00000
     -11.63016       0.00000
     -11.62116       0.00000
     -11.61216       0.00000
     -11.60416       0.00000
     -11.59516       0.00000
     -11.58616       0.00000
     -11.57816       0.00000
     -11.56916       0.00000
     -11.56016       0.00000
     -11.55216       0.00000
     -11.54316       0.00000
     -11.53416       0.00000
     -11.52516       0.00000
     -11.51716       0.00000
     -11.50816       0.00000
     -11.49916       0.00000
     -11.49116       0.00000
     -11.48216       0.00000
     -11.47316       0.00000
     -11.46416       0.00000
     -11.45616       0.00000
     -11.44716       0.00000
     -11.43816       0.00000
     -11.43016       0.00000
     -11.42116       0.00000
     -11.41216       0.00000
     -11.40416       0.00000
     -11.39516       0.00000
     -11.38616       0.00000
     -11.37716       0.00000
     -11.36916       0.00000
     -11.36016       0.00000
     -11.35116       0.00000
     -11.34316       0.00000
     -11.33416       0.00000
     -11.32516       0.00000
     -11.31716       0.00000
     -11.30816       0.00000
     -11.29916       0.00000
     -11.29016       0.00000
     -11.28216       0.00000
     -11.27316       0.00000
     -11.26416       0.00000
     -11.25616       0.00000
     -11.24716       0.00000
     -11.23816       0.00000
     -11.22916       0.00000
     -11.22116       0.00000
     -11.21216       0.00000
     -11.20316       0.00000
     -11.19516       0.00000
     -11.18616       0.00000
     -11.17716       0.00000
     -11.16916       0.00000
     -11.16016       0.00000
     -11.15116       0.00000
     -11.14216       0.00000
     -11.13416       0.00000
     -11.12516       0.00000
     -11.11616       0.00000
     -11.10816       0.00000
     -11.09916       0.00000
     -11.09016       0.00000
     -11.08116       0.00000
     -11.07316       0.00000
     -11.06416       0.00000
     -11.05516       0.00000
     -11.04716       0.00000
     -11.03816       0.00000
     -11.02916       0.00000
     -11.02116       0.00000
     -11.01216       0.00000
     -11.00316       0.00000
     -10.99416       0.00000
     -10.98616       0.00000
     -10.97716       0.00000
     -10.96816       0.00000
     -10.96016       0.00000
     -10.95116       0.00000
     -10.94216       0.00000
     -10.93316       0.00000
     -10.92516       0.00000
     -10.91616       0.00000
     -10.90716       0.00000
     -10.89916       0.00000
     -10.89016       0.00000
     -10.88116       0.00000
     -10.87316       0.00000
     -10.86416       0.00000
     -10.85516       0.00000
     -10.84616       0.00000
     -10.83816       0.00000
     -10.82916       0.00000
     -10.82016       0.00000
     -10.81216       0.00000
     -10.80316       0.00000
     -10.79416       0.00000
     -10.78516       0.00000
     -10.77716       0.00000
     -10.76816       0.00000
     -10.75916       0.00000
     -10.75116       0.00000
     -10.74216       0.00000
     -10.73316       0.00000
     -10.72516       0.00000
     -10.71616       0.00000
     -10.70716       0.00000
     -10.69816       0.00000
     -10.69016       0.00000
     -10.68116       0.00000
     -10.67216       0.00000
     -10.66416       0.00000
     -10.65516       0.00000
     -10.64616       0.00000
     -10.63816       0.00000
     -10.62916       0.00000
     -10.62016       0.00000
     -10.61116       0.00000
     -10.60316       0.00000
     -10.59416       0.00000
     -10.58516       0.00000
     -10.57716       0.00000
     -10.56816       0.00000
     -10.55916       0.00000
     -10.55016       0.00000
     -10.54216       0.00000
     -10.53316       0.00000
     -10.52416       0.00000
     -10.51616       0.00000
     -10.50716       0.00000
     -10.49816       0.00000
     -10.49016       0.00000
     -10.48116       0.00000
     -10.47216       0.00000
     -10.46316       0.00000
     -10.45516       0.00000
     -10.44616       0.00000
     -10.43716       0.00000
     -10.42916       0.00000
     -10.42016       0.00000
     -10.41116       0.00000
     -10.40216       0.00000
     -10.39416       0.00000
     -10.38516       0.00000
     -10.37616       0.00000
     -10.36816       0.00000
     -10.35916       0.00000
     -10.35016       0.00000
     -10.34216       0.00000
     -10.33316       0.00000
     -10.32416       0.00000
     -10.31516       0.00000
     -10.30716       0.00000
     -10.29816       0.00000
     -10.28916       0.00000
     -10.28116       0.00000
     -10.27216       0.00000
     -10.26316       0.00000
     -10.25416       0.00000
     -10.24616       0.00000
     -10.23716       0.00000
     -10.22816       0.00000
     -10.22016       0.00000
     -10.21116       0.00000
     -10.20216       0.00000
     -10.19416       0.00000
     -10.18516       0.00000
     -10.17616       0.00000
     -10.16716       0.00000
     -10.15916       0.00000
     -10.15016       0.00000
     -10.14116       0.00000
     -10.13316       0.00000
     -10.12416       0.00000
     -10.11516       0.00000
     -10.10616       0.00000
     -10.09816       0.00000
     -10.08916       0.00000
     -10.08016       0.00000
     -10.07216       0.00000
     -10.06316       0.00000
     -10.05416       0.00000
     -10.04616       0.00000
     -10.03716       0.00000
     -10.02816       0.00000
     -10.01916       0.00000
     -10.01116       0.00000
     -10.00216       0.00000
      -9.99316       0.00000
      -9.98516       0.00000
      -9.97616       0.00000
      -9.96716       0.00000
      -9.95916       0.00000
      -9.95016       0.00000
      -9.94116       0.00000
      -9.93216       0.00000
      -9.92416       0.00000
      -9.91516       0.00000
      -9.90616       0.00000
      -9.89816       0.00000
      -9.88916       0.00000
      -9.88016       0.00000
      -9.87116       0.00000
      -9.86316       0.00000
      -9.85416       0.00000
      -9.84516       0.00000
      -9.83716       0.00000
      -9.82816       0.00000
      -9.81916       0.00000
      -9.81116       0.00000
      -9.80216       0.00000
      -9.79316       0.00000
      -9.78416       0.00000
      -9.77616       0.00000
      -9.76716       0.00000
      -9.75816       0.00000
      -9.75016       0.00000
      -9.74116       0.00000
      -9.73216       0.00000
      -9.72316       0.00000
      -9.71516       0.00000
      -9.70616       0.00000
      -9.69716       0.00000
      -9.68916       0.00000
      -9.68016       0.00000
      -9.67116       0.00000
      -9.66316       0.00000
      -9.65416       0.00000
      -9.64516       0.00000
      -9.63616       0.00000
      -9.62816       0.00000
      -9.61916       0.00000
      -9.61016       0.00000
      -9.60216       0.00000
      -9.59316       0.00000
      -9.58416       0.00000
      -9.57516       0.00000
      -9.56716       0.00000
      -9.55816       0.00000
      -9.54916       0.00000
      -9.54116       0.00000
      -9.53216       0.00000
      -9.52316       0.00000
      -9.51516       0.00000
      -9.50616       0.00000
      -9.49716       0.00000
      -9.48816       0.00000
      -9.48016       0.00000
      -9.47116       0.00000
      -9.46216       0.00000
      -9.45416       0.00000
      -9.44516       0.00000
      -9.43616       0.00000
      -9.42716       0.00000
      -9.41916       0.00000
      -9.41016       0.00000
      -9.40116       0.00000
      -9.39316       0.00000
      -9.38416       0.00000
      -9.37516       0.00000
      -9.36716       0.00000
      -9.35816       0.00000
      -9.34916       0.00000
      -9.34016       0.00000
      -9.33216       0.00000
      -9.32316       0.00000
      -9.31416       0.00000
      -9.30616       0.00000
      -9.29716       0.00000
      -9.28816       0.00000
      -9.28016       0.00000
      -9.27116       0.00000
      -9.26216       0.00000
      -9.25316       0.00000
      -9.24516       0.00000
      -9.23616       0.00000
      -9.22716       0.00000
      -9.21916       0.00000
      -9.21016       0.00000
      -9.20116       0.00000
      -9.19216       0.00000
      -9.18416       0.00000
      -9.17516       0.00000
      -9.16616       0.00000
      -9.15816       0.00000
      -9.14916       0.00000
      -9.14016       0.00000
      -9.13216       0.00000
      -9.12316       0.00000
      -9.11416       0.00000
      -9.10516       0.00000
      -9.09716       0.00000
      -9.08816       0.00000
      -9.07916       0.00000
      -9.07116       0.00000
      -9.06216       0.00000
      -9.05316       0.00000
      -9.04416       0.00000
      -9.03616       0.00000
      -9.02716       0.00000
      -9.01816       0.00000
      -9.01016       0.00000
      -9.00116       0.00000
      -8.99216       0.00000
      -8.98416       0.00000
      -8.97516       0.00000
      -8.96616       0.00000
      -8.95716       0.00000
      -8.94916       0.00000
      -8.94016       0.00000
      -8.93116       0.00000
      -8.92316       0.00000
      -8.91416       0.00000
      -8.90516       0.00000
      -8.89616       0.00000
      -8.88816       0.00000
      -8.87916       0.00000
      -8.87016       0.00000
      -8.86216       0.00000
      -8.85316       0.00000
      -8.84416       0.00000
      -8.83616       0.00000
      -8.82716       0.00000
      -8.81816       0.00000
      -8.80916       0.00000
      -8.80116       0.00000
      -8.79216       0.00000
      -8.78316       0.00000
      -8.77516       0.00000
      -8.76616       0.00000
      -8.75716       0.00000
      -8.74816       0.00000
      -8.74016       0.00000
      -8.73116       0.00000
      -8.72216       0.00000
      -8.71416       0.00000
      -8.70516       0.00000
      -8.69616       0.00000
      -8.68816       0.00000
      -8.67916       0.00000
      -8.67016       0.00000
      -8.66116       0.00000
      -8.65316       0.00000
      -8.64416       0.00000
      -8.63516       0.00000
      -8.62716       0.00000
      -8.61816       0.00000
      -8.60916       0.00000
      -8.60116       0.00000
      -8.59216       0.00000
      -8.58316       0.00000
      -8.57416       0.00000
      -8.56616       0.00000
      -8.55716       0.00000
      -8.54816       0.00000
      -8.54016       0.00000
      -8.53116       0.00000
      -8.52216       0.00000
      -8.51316       0.00000
      -8.50516       0.00000
      -8.49616       0.00000
      -8.48716       0.00000
      -8.47916       0.00000
      -8.47016       0.00000
      -8.46116       0.00000
      -8.45316       0.00000
      -8.44416       0.00000
      -8.43516       0.00000
      -8.42616       0.00000
      -8.41816       0.00000
      -8.40916       0.00000
      -8.40016       0.00000
      -8.39216       0.00000
      -8.38316       0.00000
      -8.37416       0.00000
      -8.36516       0.00000
      -8.35716       0.00000
      -8.34816       0.00000
      -8.33916       0.00000
      -8.33116       0.00000
      -8.32216       0.00000
      -8.31316       0.00000
      -8.30516       0.00000
      -8.29616       0.00000
      -8.28716       0.00000
      -8.27816       0.00000
      -8.27016       0.00000
      -8.26116       0.00000
      -8.25216       0.00000
      -8.24416       0.00000
      -8.23516       0.00000
      -8.22616       0.00000
      -8.21716       0.00000
      -8.20916       0.00000
      -8.20016       0.00000
      -8.19116       0.00000
      -8.18316       0.00000
      -8.17416       0.00000
      -8.16516       0.00000
      -8.15716       0.00000
      -8.14816       0.00000
      -8.13916       0.00000
      -8.13016       0.00000
      -8.12216       0.00000
      -8.11316       0.00000
      -8.10416       0.00000
      -8.09616       0.00000
      -8.08716       0.00000
      -8.07816       0.00000
      -8.06916       0.00000
      -8.06116       0.00000
      -8.05216       0.00000
      -8.04316       0.00000
      -8.03516       0.00000
      -8.02616       0.00000
      -8.01716       0.00000
      -8.00916       0.00000
      -8.00016       0.00000
      -7.99116       0.00000
      -7.98216       0.00000
      -7.97416       0.00000
      -7.96516       0.00000
      -7.95616       0.00000
      -7.94816       0.00000
      -7.93916       0.00000
      -7.93016       0.00000
      -7.92216       0.00000
      -7.91316       0.00000
      -7.90416       0.00000
      -7.89516       0.00000
      -7.88716       0.00000
      -7.87816       0.00000
      -7.86916       0.00000
      -7.86116       0.00000
      -7.85216       0.00000
      -7.84316       0.00000
      -7.83416       0.00000
      -7.82616       0.00000
      -7.81716       0.00000
      -7.80816       0.00000
      -7.80016       0.00000
      -7.79116       0.00000
      -7.78216       0.00000
      -7.77416       0.00000
      -7.76516       0.00000
      -7.75616       0.00000
      -7.74716       0.00000
      -7.73916       0.00000
      -7.73016       0.00000
      -7.72116       0.00000
      -7.71316       0.00000
      -7.70416       0.00000
      -7.69516       0.00000
      -7.68616       0.00000
      -7.67816       0.00000
      -7.66916       0.00000
      -7.66016       0.00000
      -7.65216       0.00000
      -7.64316       0.00000
      -7.63416       0.00000
      -7.62616       0.00000
      -7.61716       0.00000
      -7.60816       0.00000
      -7.59916       0.00000
      -7.59116       0.00000
      -7.58216       0.00000
      -7.57316       0.00000
      -7.56516       0.00000
      -7.55616       0.00000
      -7.54716       0.00000
      -7.53816       0.00000
      -7.53016       0.00000
      -7.52116       0.00000
      -7.51216       0.00000
      -7.50416       0.00000
      -7.49516       0.00000
      -7.48616       0.00000
      -7.47816       0.00000
      -7.46916       0.00000
      -7.46016       0.00000
      -7.45116       0.00000
      -7.44316       0.00000
      -7.43416       0.00000
      -7.42516       0.00000
      -7.41716       0.00000
      -7.40816       0.00000
      -7.39916       0.00000
      -7.39016       0.00000
      -7.38216       0.00000
      -7.37316       0.00000
      -7.36416       0.00000
      -7.35616       0.00000
      -7.34716       0.00000
      -7.33816       0.00000
      -7.33016       0.00000
      -7.32116       0.00000
      -7.31216       0.00000
      -7.30316       0.00000
      -7.29516       0.00000
      -7.28616       0.00000
      -7.27716       0.00000
      -7.26916       0.00000
      -7.26016       0.00000
      -7.25116       0.00000
      -7.24316       0.00000
      -7.23416       0.00000
      -7.22516       0.00000
      -7.21616       0.00000
      -7.20816       0.00000
      -7.19916       0.00000
      -7.19016       0.00000
      -7.18216       0.00000
      -7.17316       0.00000
      -7.16416       0.00000
      -7.15516       0.00000
      -7.14716       0.00000
      -7.13816       0.00000
      -7.12916       0.00000
      -7.12116       0.00000
      -7.11216       0.00000
      -7.10316       0.00000
      -7.09516       0.00000
      -7.08616       0.00000
      -7.07716       0.00000
      -7.06816       0.00000
      -7.06016       0.00000
      -7.05116       0.00000
      -7.04216       0.00000
      -7.03416       0.00000
      -7.02516       0.00000
      -7.01616       0.00000
      -7.00716       0.00000
      -6.99916       0.00000
      -6.99016       0.00000
      -6.98116       0.00000
      -6.97316       0.00000
      -6.96416       0.00000
      -6.95516       0.00000
      -6.94716       0.00000
      -6.93816       0.00000
      -6.92916       0.00000
      -6.92016       0.00000
      -6.91216       0.00000
      -6.90316       0.00000
      -6.89416       0.00000
      -6.88616       0.00000
      -6.87716       0.00000
      -6.86816       0.00000
      -6.85916       0.00000
      -6.85116       0.00000
      -6.84216       0.00000
      -6.83316       0.00000
      -6.82516       0.00000
      -6.81616       0.00000
      -6.80716       0.00000
      -6.79916       0.00000
      -6.79016       0.00000
      -6.78116       0.00000
      -6.77216       0.00000
      -6.76416       0.00000
      -6.75516       0.00000
      -6.74616       0.00000
      -6.73816       0.00000
      -6.72916       0.00000
      -6.72016       0.00000
      -6.71116       0.00000
      -6.70316       0.00000
      -6.69416       0.00000
      -6.68516       0.00000
      -6.67716       0.00000
      -6.66816       0.00000
      -6.65916       0.00000
      -6.65116       0.00000
      -6.64216       0.00000
      -6.63316       0.00000
      -6.62416       0.00000
      -6.61616       0.00000
      -6.60716       0.00000
      -6.59816       0.00000
      -6.59016       0.00000
      -6.58116       0.00000
      -6.57216       0.00000
      -6.56416       0.00000
      -6.55516       0.00000
      -6.54616       0.00000
      -6.53716       0.00000
      -6.52916       0.00000
      -6.52016       0.00000
      -6.51116       0.00000
      -6.50316       0.00000
      -6.49416       0.00000
      -6.48516       0.00000
      -6.47616       0.00000
      -6.46816       0.00000
      -6.45916       0.00000
      -6.45016       0.00000
      -6.44216       0.00000
      -6.43316       0.00000
      -6.42416       0.00000
      -6.41616       0.00000
      -6.40716       0.00000
      -6.39816       0.00000
      -6.38916       0.00000
      -6.38116       0.00000
      -6.37216       0.00000
      -6.36316       0.00000
      -6.35516       0.00000
      -6.34616       0.00000
      -6.33716       0.00000
      -6.32816       0.00000
      -6.32016       0.00000
      -6.31116       0.00000
      -6.30216       0.00000
      -6.29416       0.00000
      -6.28516       0.00000
      -6.27616       0.00000
      -6.26816       0.00000
      -6.25916       0.00000
      -6.25016       0.00000
      -6.24116       0.00000
      -6.23316       0.00000
      -6.22416       0.00000
      -6.21516       0.00000
      -6.20716       0.00000
      -6.19816       0.00000
      -6.18916       0.00000
      -6.18016       0.00000
      -6.17216       0.00000
      -6.16316       0.00000
      -6.15416       0.00000
      -6.14616       0.00000
      -6.13716       0.00000
      -6.12816       0.00000
      -6.12016       0.00000
      -6.11116       0.00000
      -6.10216       0.00000
      -6.09316       0.00000
      -6.08516       0.00001
      -6.07616       0.00004
      -6.06716       0.00010
      -6.05916       0.00025
      -6.05016       0.00062
      -6.04116       0.00143
      -6.03216       0.00310
      -6.02416       0.00636
      -6.01516       0.01239
      -6.00616       0.02284
      -5.99816       0.03991
      -5.98916       0.06619
      -5.98016       0.10430
      -5.97216       0.15640
      -5.96316       0.22330
      -5.95416       0.30450
      -5.94516       0.39730
      -5.93716       0.49720
      -5.92816       0.59870
      -5.91916       0.69600
      -5.91116       0.78420
      -5.90216       0.85970
      -5.89316       0.92130
      -5.88516       0.96920
      -5.87616       1.00500
      -5.86716       1.03200
      -5.85816       1.05300
      -5.85016       1.07100
      -5.84116       1.08800
      -5.83216       1.10700
      -5.82416       1.13000
      -5.81516       1.15800
      -5.80616       1.19300
      -5.79716       1.23200
      -5.78916       1.27800
      -5.78016       1.32700
      -5.77116       1.37900
      -5.76316       1.43000
      -5.75416       1.47700
      -5.74516       1.51900
      -5.73716       1.55300
      -5.72816       1.58200
      -5.71916       1.60500
      -5.71016       1.62600
      -5.70216       1.64500
      -5.69316       1.66400
      -5.68416       1.68100
      -5.67616       1.69700
      -5.66716       1.71100
      -5.65816       1.72600
      -5.64916       1.74200
      -5.64116       1.76300
      -5.63216       1.79200
      -5.62316       1.82900
      -5.61516       1.87700
      -5.60616       1.93600
      -5.59716       2.00400
      -5.58916       2.08000
      -5.58016       2.16100
      -5.57116       2.24600
      -5.56216       2.32900
      -5.55416       2.40900
      -5.54516       2.48300
      -5.53616       2.55100
      -5.52816       2.61400
      -5.51916       2.67300
      -5.51016       2.72900
      -5.50116       2.78000
      -5.49316       2.82400
      -5.48416       2.86000
      -5.47516       2.88800
      -5.46716       2.91300
      -5.45816       2.94200
      -5.44916       2.98000
      -5.44116       3.03300
      -5.43216       3.09900
      -5.42316       3.17500
      -5.41416       3.25300
      -5.40616       3.32700
      -5.39716       3.39300
      -5.38816       3.45600
      -5.38016       3.52400
      -5.37116       3.60600
      -5.36216       3.70900
      -5.35316       3.83500
      -5.34516       3.97800
      -5.33616       4.12600
      -5.32716       4.26200
      -5.31916       4.37100
      -5.31016       4.44300
      -5.30116       4.47600
      -5.29316       4.47400
      -5.28416       4.45000
      -5.27516       4.41800
      -5.26616       4.39400
      -5.25816       4.38900
      -5.24916       4.40600
      -5.24016       4.44700
      -5.23216       4.50500
      -5.22316       4.57200
      -5.21416       4.64000
      -5.20616       4.70100
      -5.19716       4.74700
      -5.18816       4.77200
      -5.17916       4.76800
      -5.17116       4.73000
      -5.16216       4.65100
      -5.15316       4.52400
      -5.14516       4.34800
      -5.13616       4.12000
      -5.12716       3.84600
      -5.11816       3.53600
      -5.11016       3.20400
      -5.10116       2.87200
      -5.09216       2.55900
      -5.08416       2.28600
      -5.07516       2.06700
      -5.06616       1.91000
      -5.05816       1.81700
      -5.04916       1.78100
      -5.04016       1.78800
      -5.03116       1.82400
      -5.02316       1.87200
      -5.01416       1.91900
      -5.00516       1.95300
      -4.99716       1.97000
      -4.98816       1.96800
      -4.97916       1.95300
      -4.97016       1.93000
      -4.96216       1.90900
      -4.95316       1.89600
      -4.94416       1.89300
      -4.93616       1.89800
      -4.92716       1.90100
      -4.91816       1.89100
      -4.91016       1.85700
      -4.90116       1.79200
      -4.89216       1.69700
      -4.88316       1.58200
      -4.87516       1.46100
      -4.86616       1.34900
      -4.85716       1.25900
      -4.84916       1.20100
      -4.84016       1.17500
      -4.83116       1.17700
      -4.82216       1.20000
      -4.81416       1.23200
      -4.80516       1.26100
      -4.79616       1.27700
      -4.78816       1.27200
      -4.77916       1.24300
      -4.77016       1.19200
      -4.76216       1.12500
      -4.75316       1.05000
      -4.74416       0.97540
      -4.73516       0.91050
      -4.72716       0.86060
      -4.71816       0.82850
      -4.70916       0.81450
      -4.70116       0.81650
      -4.69216       0.83110
      -4.68316       0.85390
      -4.67416       0.88000
      -4.66616       0.90420
      -4.65716       0.92170
      -4.64816       0.92850
      -4.64016       0.92200
      -4.63116       0.90180
      -4.62216       0.86990
      -4.61416       0.83020
      -4.60516       0.78760
      -4.59616       0.74730
      -4.58716       0.71380
      -4.57916       0.69020
      -4.57016       0.67780
      -4.56116       0.67640
      -4.55316       0.68470
      -4.54416       0.70050
      -4.53516       0.72130
      -4.52716       0.74420
      -4.51816       0.76600
      -4.50916       0.78340
      -4.50016       0.79350
      -4.49216       0.79360
      -4.48316       0.78260
      -4.47416       0.76120
      -4.46616       0.73180
      -4.45716       0.69830
      -4.44816       0.66520
      -4.43916       0.63610
      -4.43116       0.61380
      -4.42216       0.59960
      -4.41316       0.59360
      -4.40516       0.59560
      -4.39616       0.60470
      -4.38716       0.61990
      -4.37916       0.63940
      -4.37016       0.66140
      -4.36116       0.68370
      -4.35216       0.70480
      -4.34416       0.72480
      -4.33516       0.74570
      -4.32616       0.77230
      -4.31816       0.81150
      -4.30916       0.87190
      -4.30016       0.96200
      -4.29116       1.08900
      -4.28316       1.25600
      -4.27416       1.46200
      -4.26516       1.70200
      -4.25716       1.96300
      -4.24816       2.23200
      -4.23916       2.49400
      -4.23116       2.73700
      -4.22216       2.95200
      -4.21316       3.13700
      -4.20416       3.29500
      -4.19616       3.43300
      -4.18716       3.56200
      -4.17816       3.68900
      -4.17016       3.82300
      -4.16116       3.96800
      -4.15216       4.13000
      -4.14316       4.31200
      -4.13516       4.51500
      -4.12616       4.74000
      -4.11716       4.98300
      -4.10916       5.23700
      -4.10016       5.48900
      -4.09116       5.72600
      -4.08316       5.93400
      -4.07416       6.10100
      -4.06516       6.22200
      -4.05616       6.29600
      -4.04816       6.32400
      -4.03916       6.30900
      -4.03016       6.25300
      -4.02216       6.15200
      -4.01316       6.00500
      -4.00416       5.81200
      -3.99516       5.57700
      -3.98716       5.30900
      -3.97816       5.02500
      -3.96916       4.73800
      -3.96116       4.46400
      -3.95216       4.20900
      -3.94316       3.97900
      -3.93516       3.77300
      -3.92616       3.59000
      -3.91716       3.42900
      -3.90816       3.28900
      -3.90016       3.17100
      -3.89116       3.07100
      -3.88216       2.98400
      -3.87416       2.90100
      -3.86516       2.81600
      -3.85616       2.71900
      -3.84816       2.60700
      -3.83916       2.47900
      -3.83016       2.33700
      -3.82116       2.18600
      -3.81316       2.03500
      -3.80416       1.88900
      -3.79516       1.75400
      -3.78716       1.63400
      -3.77816       1.53000
      -3.76916       1.44400
      -3.76016       1.37700
      -3.75216       1.33200
      -3.74316       1.30800
      -3.73416       1.30400
      -3.72616       1.31500
      -3.71716       1.33000
      -3.70816       1.34100
      -3.70016       1.33600
      -3.69116       1.31200
      -3.68216       1.26900
      -3.67316       1.21600
      -3.66516       1.16400
      -3.65616       1.12700
      -3.64716       1.11100
      -3.63916       1.12000
      -3.63016       1.14900
      -3.62116       1.18700
      -3.61216       1.22300
      -3.60416       1.24800
      -3.59516       1.25700
      -3.58616       1.25000
      -3.57816       1.23400
      -3.56916       1.21600
      -3.56016       1.20900
      -3.55216       1.22300
      -3.54316       1.27000
      -3.53416       1.35900
      -3.52516       1.49800
      -3.51716       1.68900
      -3.50816       1.93100
      -3.49916       2.21400
      -3.49116       2.52400
      -3.48216       2.84300
      -3.47316       3.15300
      -3.46416       3.44300
      -3.45616       3.71200
      -3.44716       3.97100
      -3.43816       4.23800
      -3.43016       4.54000
      -3.42116       4.89400
      -3.41216       5.31100
      -3.40416       5.77700
      -3.39516       6.26200
      -3.38616       6.71800
      -3.37716       7.09300
      -3.36916       7.33900
      -3.36016       7.42800
      -3.35116       7.35300
      -3.34316       7.13400
      -3.33416       6.81000
      -3.32516       6.42500
      -3.31616       6.02400
      -3.30816       5.64100
      -3.29916       5.29400
      -3.29016       4.99000
      -3.28216       4.72600
      -3.27316       4.49000
      -3.26416       4.27100
      -3.25616       4.06200
      -3.24716       3.85700
      -3.23816       3.65800
      -3.22916       3.47000
      -3.22116       3.30100
      -3.21216       3.15600
      -3.20316       3.03800
      -3.19516       2.94600
      -3.18616       2.87400
      -3.17716       2.81500
      -3.16916       2.76100
      -3.16016       2.70700
      -3.15116       2.65100
      -3.14216       2.59200
      -3.13416       2.53400
      -3.12516       2.47900
      -3.11616       2.43200
      -3.10816       2.39300
      -3.09916       2.36000
      -3.09016       2.33100
      -3.08116       2.30000
      -3.07316       2.26400
      -3.06416       2.21700
      -3.05516       2.16000
      -3.04716       2.09000
      -3.03816       2.01100
      -3.02916       1.92400
      -3.02116       1.83400
      -3.01216       1.74500
      -3.00316       1.66100
      -2.99416       1.58600
      -2.98616       1.52300
      -2.97716       1.47200
      -2.96816       1.43600
      -2.96016       1.41300
      -2.95116       1.40300
      -2.94216       1.40600
      -2.93316       1.42300
      -2.92516       1.45400
      -2.91616       1.50100
      -2.90716       1.56200
      -2.89916       1.63300
      -2.89016       1.70500
      -2.88116       1.76900
      -2.87316       1.81600
      -2.86416       1.83800
      -2.85516       1.83400
      -2.84616       1.80700
      -2.83816       1.76400
      -2.82916       1.71400
      -2.82016       1.66400
      -2.81216       1.62100
      -2.80316       1.58600
      -2.79416       1.56000
      -2.78516       1.54000
      -2.77716       1.52400
      -2.76816       1.51200
      -2.75916       1.50500
      -2.75116       1.50400
      -2.74216       1.51200
      -2.73316       1.53000
      -2.72516       1.56000
      -2.71616       1.60000
      -2.70716       1.64900
      -2.69816       1.70200
      -2.69016       1.75500
      -2.68116       1.80300
      -2.67216       1.84200
      -2.66416       1.87100
      -2.65516       1.88700
      -2.64616       1.89200
      -2.63716       1.88600
      -2.62916       1.87100
      -2.62016       1.84900
      -2.61116       1.81900
      -2.60316       1.78100
      -2.59416       1.73400
      -2.58516       1.67800
      -2.57716       1.61600
      -2.56816       1.55200
      -2.55916       1.49000
      -2.55016       1.43700
      -2.54216       1.39900
      -2.53316       1.38300
      -2.52416       1.39000
      -2.51616       1.42300
      -2.50716       1.48100
      -2.49816       1.56100
      -2.49016       1.65900
      -2.48116       1.76900
      -2.47216       1.88000
      -2.46316       1.98200
      -2.45516       2.06500
      -2.44616       2.11700
      -2.43716       2.13300
      -2.42916       2.11200
      -2.42016       2.05800
      -2.41116       1.98000
      -2.40216       1.89000
      -2.39416       1.79700
      -2.38516       1.71200
      -2.37616       1.64300
      -2.36816       1.59500
      -2.35916       1.57500
      -2.35016       1.58500
      -2.34216       1.62800
      -2.33316       1.70400
      -2.32416       1.80900
      -2.31516       1.93800
      -2.30716       2.08200
      -2.29816       2.23300
      -2.28916       2.38200
      -2.28116       2.52100
      -2.27216       2.64300
      -2.26316       2.74600
      -2.25416       2.82600
      -2.24616       2.88500
      -2.23716       2.92500
      -2.22816       2.95100
      -2.22016       2.96800
      -2.21116       2.97900
      -2.20216       2.98700
      -2.19416       2.99400
      -2.18516       2.99800
      -2.17616       2.99900
      -2.16716       2.99800
      -2.15916       3.00000
      -2.15016       3.01300
      -2.14116       3.04400
      -2.13316       3.09900
      -2.12416       3.18200
      -2.11516       3.29100
      -2.10616       3.42200
      -2.09816       3.57200
      -2.08916       3.73900
      -2.08016       3.92600
      -2.07216       4.13600
      -2.06316       4.36800
      -2.05416       4.61500
      -2.04616       4.86000
      -2.03716       5.07800
      -2.02816       5.24400
      -2.01916       5.33800
      -2.01116       5.34900
      -2.00216       5.27800
      -1.99316       5.13800
      -1.98516       4.94600
      -1.97616       4.72400
      -1.96716       4.49100
      -1.95816       4.26300
      -1.95016       4.05300
      -1.94116       3.86900
      -1.93216       3.71600
      -1.92416       3.59400
      -1.91516       3.49900
      -1.90616       3.42600
      -1.89816       3.36900
      -1.88916       3.32400
      -1.88016       3.28500
      -1.87116       3.25100
      -1.86316       3.22000
      -1.85416       3.19200
      -1.84516       3.16400
      -1.83716       3.13300
      -1.82816       3.09600
      -1.81916       3.04700
      -1.81116       2.98400
      -1.80216       2.91000
      -1.79316       2.82800
      -1.78416       2.74600
      -1.77616       2.67200
      -1.76716       2.61000
      -1.75816       2.55900
      -1.75016       2.51600
      -1.74116       2.47600
      -1.73216       2.43500
      -1.72316       2.39400
      -1.71516       2.35500
      -1.70616       2.32400
      -1.69716       2.30500
      -1.68916       2.29800
      -1.68016       2.30100
      -1.67116       2.30600
      -1.66316       2.30600
      -1.65416       2.29400
      -1.64516       2.27000
      -1.63616       2.23600
      -1.62816       2.19500
      -1.61916       2.15400
      -1.61016       2.11500
      -1.60216       2.08000
      -1.59316       2.04900
      -1.58416       2.02000
      -1.57516       1.99500
      -1.56716       1.97200
      -1.55816       1.95500
      -1.54916       1.94600
      -1.54116       1.94800
      -1.53216       1.96100
      -1.52316       1.98500
      -1.51516       2.01600
      -1.50616       2.04900
      -1.49716       2.07700
      -1.48816       2.09500
      -1.48016       2.09900
      -1.47116       2.08800
      -1.46216       2.06600
      -1.45416       2.04000
      -1.44516       2.01300
      -1.43616       1.99200
      -1.42716       1.97900
      -1.41916       1.97300
      -1.41016       1.97200
      -1.40116       1.97600
      -1.39316       1.98600
      -1.38416       2.00300
      -1.37516       2.02900
      -1.36716       2.06600
      -1.35816       2.11200
      -1.34916       2.16300
      -1.34016       2.21300
      -1.33216       2.25600
      -1.32316       2.29200
      -1.31416       2.32200
      -1.30616       2.35400
      -1.29716       2.39200
      -1.28816       2.44300
      -1.27916       2.50700
      -1.27116       2.58000
      -1.26216       2.65500
      -1.25316       2.72400
      -1.24516       2.77800
      -1.23616       2.81100
      -1.22716       2.82100
      -1.21916       2.81100
      -1.21016       2.78500
      -1.20116       2.75100
      -1.19216       2.71700
      -1.18416       2.68900
      -1.17516       2.67000
      -1.16616       2.65900
      -1.15816       2.65300
      -1.14916       2.64300
      -1.14016       2.62400
      -1.13216       2.59200
      -1.12316       2.54500
      -1.11416       2.49000
      -1.10516       2.43500
      -1.09716       2.39300
      -1.08816       2.37700
      -1.07916       2.40000
      -1.07116       2.46900
      -1.06216       2.58500
      -1.05316       2.74500
      -1.04416       2.93600
      -1.03616       3.14200
      -1.02716       3.34200
      -1.01816       3.51400
      -1.01016       3.64200
      -1.00116       3.71400
      -0.99216       3.72700
      -0.98416       3.68700
      -0.97516       3.60500
      -0.96616       3.49500
      -0.95716       3.37200
      -0.94916       3.25000
      -0.94016       3.13700
      -0.93116       3.03900
      -0.92316       2.95800
      -0.91416       2.89300
      -0.90516       2.84200
      -0.89616       2.80300
      -0.88816       2.77400
      -0.87916       2.75500
      -0.87016       2.74500
      -0.86216       2.74100
      -0.85316       2.73900
      -0.84416       2.73500
      -0.83616       2.72500
      -0.82716       2.70600
      -0.81816       2.67900
      -0.80916       2.64600
      -0.80116       2.60900
      -0.79216       2.57400
      -0.78316       2.54100
      -0.77516       2.51200
      -0.76616       2.48600
      -0.75716       2.46200
      -0.74816       2.43600
      -0.74016       2.40700
      -0.73116       2.37700
      -0.72216       2.34800
      -0.71416       2.32300
      -0.70516       2.30400
      -0.69616       2.29000
      -0.68816       2.28000
      -0.67916       2.26900
      -0.67016       2.25200
      -0.66116       2.22800
      -0.65316       2.19800
      -0.64416       2.16700
      -0.63516       2.13800
      -0.62716       2.11400
      -0.61816       2.09200
      -0.60916       2.07000
      -0.60016       2.04300
      -0.59216       2.00900
      -0.58316       1.96900
      -0.57416       1.92600
      -0.56616       1.88400
      -0.55716       1.84500
      -0.54816       1.81000
      -0.54016       1.77700
      -0.53116       1.74200
      -0.52216       1.70500
      -0.51316       1.66600
      -0.50516       1.62500
      -0.49616       1.58600
      -0.48716       1.55100
      -0.47916       1.52100
      -0.47016       1.49400
      -0.46116       1.47000
      -0.45316       1.44600
      -0.44416       1.42100
      -0.43516       1.39500
      -0.42616       1.37000
      -0.41816       1.34800
      -0.40916       1.32800
      -0.40016       1.31300
      -0.39216       1.30000
      -0.38316       1.28800
      -0.37416       1.27700
      -0.36516       1.26500
      -0.35716       1.25400
      -0.34816       1.24500
      -0.33916       1.23700
      -0.33116       1.23200
      -0.32216       1.22900
      -0.31316       1.22700
      -0.30516       1.22500
      -0.29616       1.22300
      -0.28716       1.21900
      -0.27816       1.21200
      -0.27016       1.20100
      -0.26116       1.18100
      -0.25216       1.15000
      -0.24416       1.10600
      -0.23516       1.04600
      -0.22616       0.96840
      -0.21716       0.87520
      -0.20916       0.76920
      -0.20016       0.65490
      -0.19116       0.53860
      -0.18316       0.42640
      -0.17416       0.32420
      -0.16516       0.23610
      -0.15716       0.16430
      -0.14816       0.10910
      -0.13916       0.06899
      -0.13016       0.04149
      -0.12216       0.02369
      -0.11316       0.01284
      -0.10416       0.00659
      -0.09616       0.00321
      -0.08716       0.00148
      -0.07816       0.00064
      -0.06916       0.00026
      -0.06116       0.00010
      -0.05216       0.00004
      -0.04316       0.00001
      -0.03516       0.00000
      -0.02616       0.00000
      -0.01716       0.00000
      -0.00916       0.00000
      -0.00016       0.00000
       0.00884       0.00000
       0.01784       0.00000
       0.02584       0.00000
       0.03484       0.00000
       0.04384       0.00000
       0.05184       0.00000
       0.06084       0.00000
       0.06984       0.00000
       0.07884       0.00000
       0.08684       0.00000
       0.09584       0.00000
       0.10484       0.00000
       0.11284       0.00000
       0.12184       0.00000
       0.13084       0.00000
       0.13884       0.00000
       0.14784       0.00000
       0.15684       0.00000
       0.16584       0.00000
       0.17384       0.00000
       0.18284       0.00000
       0.19184       0.00000
       0.19984       0.00000
       0.20884       0.00000
       0.21784       0.00000
       0.22584       0.00000
       0.23484       0.00000
       0.24384       0.00000
       0.25284       0.00000
       0.26084       0.00000
       0.26984       0.00000
       0.27884       0.00000
       0.28684       0.00000
       0.29584       0.00000
       0.30484       0.00000
       0.31384       0.00000
       0.32184       0.00000
       0.33084       0.00000
       0.33984       0.00000
       0.34784       0.00000
       0.35684       0.00000
       0.36584       0.00000
       0.37384       0.00000
       0.38284       0.00000
       0.39184       0.00000
       0.40084       0.00000
       0.40884       0.00000
       0.41784       0.00000
       0.42684       0.00000
       0.43484       0.00000
       0.44384       0.00000
       0.45284       0.00000
       0.46184       0.00000
       0.46984       0.00000
       0.47884       0.00000
       0.48784       0.00000
       0.49584       0.00000
       0.50484       0.00000
       0.51384       0.00000
       0.52184       0.00000
       0.53084       0.00000
       0.53984       0.00000
       0.54884       0.00000
       0.55684       0.00000
       0.56584       0.00000
       0.57484       0.00000
       0.58284       0.00000
       0.59184       0.00000
       0.60084       0.00000
       0.60984       0.00000
       0.61784       0.00000
       0.62684       0.00000
       0.63584       0.00000
       0.64384       0.00000
       0.65284       0.00000
       0.66184       0.00000
       0.66984       0.00000
       0.67884       0.00000
       0.68784       0.00000
       0.69684       0.00000
       0.70484       0.00000
       0.71384       0.00000
       0.72284       0.00000
       0.73084       0.00000
       0.73984       0.00000
       0.74884       0.00000
       0.75784       0.00000
       0.76584       0.00000
       0.77484       0.00000
       0.78384       0.00000
       0.79184       0.00000
       0.80084       0.00000
       0.80984       0.00000
       0.81784       0.00000
       0.82684       0.00000
       0.83584       0.00000
       0.84484       0.00000
       0.85284       0.00000
       0.86184       0.00000
       0.87084       0.00000
       0.87884       0.00000
       0.88784       0.00000
       0.89684       0.00000
       0.90484       0.00000
       0.91384       0.00000
       0.92284       0.00000
       0.93184       0.00000
       0.93984       0.00000
       0.94884       0.00000
       0.95784       0.00000
       0.96584       0.00000
       0.97484       0.00000
       0.98384       0.00000
       0.99284       0.00000
       1.00084       0.00000
       1.00984       0.00000
       1.01884       0.00000
       1.02684       0.00000
       1.03584       0.00000
       1.04484       0.00000
       1.05284       0.00000
       1.06184       0.00000
       1.07084       0.00000
       1.07984       0.00000
       1.08784       0.00000
       1.09684       0.00000
       1.10584       0.00000
       1.11384       0.00000
       1.12284       0.00000
       1.13184       0.00000
       1.14084       0.00000
       1.14884       0.00000
       1.15784       0.00000
       1.16684       0.00000
       1.17484       0.00000
       1.18384       0.00000
       1.19284       0.00000
       1.20084       0.00000
       1.20984       0.00000
       1.21884       0.00000
       1.22784       0.00000
       1.23584       0.00000
       1.24484       0.00000
       1.25384       0.00000
       1.26184       0.00000
       1.27084       0.00000
       1.27984       0.00000
       1.28884       0.00001
       1.29684       0.00002
       1.30584       0.00006
       1.31484       0.00014
       1.32284       0.00033
       1.33184       0.00073
       1.34084       0.00154
       1.34884       0.00307
       1.35784       0.00582
       1.36684       0.01045
       1.37584       0.01780
       1.38384       0.02877
       1.39284       0.04422
       1.40184       0.06473
       1.40984       0.09040
       1.41884       0.12070
       1.42784       0.15460
       1.43684       0.19040
       1.44484       0.22610
       1.45384       0.25990
       1.46284       0.29010
       1.47084       0.31600
       1.47984       0.33720
       1.48884       0.35430
       1.49684       0.36820
       1.50584       0.38000
       1.51484       0.39050
       1.52384       0.40000
       1.53184       0.40860
       1.54084       0.41600
       1.54984       0.42230
       1.55784       0.42790
       1.56684       0.43390
       1.57584       0.44110
       1.58384       0.45000
       1.59284       0.46050
       1.60184       0.47180
       1.61084       0.48280
       1.61884       0.49260
       1.62784       0.50130
       1.63684       0.50960
       1.64484       0.51960
       1.65384       0.53400
       1.66284       0.55610
       1.67184       0.58970
       1.67984       0.63890
       1.68884       0.70760
       1.69784       0.79980
       1.70584       0.91870
       1.71484       1.06600
       1.72384       1.24100
       1.73184       1.44100
       1.74084       1.65900
       1.74984       1.88600
       1.75884       2.11200
       1.76684       2.32800
       1.77584       2.52500
       1.78484       2.69800
       1.79284       2.84700
       1.80184       2.97500
       1.81084       3.08800
       1.81984       3.19500
       1.82784       3.30500
       1.83684       3.42300
       1.84584       3.55600
       1.85384       3.70900
       1.86284       3.88900
       1.87184       4.10500
       1.87984       4.37100
       1.88884       4.70400
       1.89784       5.12000
       1.90684       5.63000
       1.91484       6.23600
       1.92384       6.92000
       1.93284       7.64600
       1.94084       8.35400
       1.94984       8.97200
       1.95884       9.41700
       1.96784       9.61700
       1.97584       9.52100
       1.98484       9.11400
       1.99384       8.41900
       2.00184       7.50100
       2.01084       6.45000
       2.01984       5.36800
       2.02784       4.34700
       2.03684       3.46100
       2.04584       2.75100
       2.05484       2.22800
       2.06284       1.87900
       2.07184       1.67500
       2.08084       1.58200
       2.08884       1.56900
       2.09784       1.61000
       2.10684       1.69000
       2.11584       1.79800
       2.12384       1.92800
       2.13284       2.07900
       2.14184       2.25000
       2.14984       2.44200
       2.15884       2.65700
       2.16784       2.90000
       2.17584       3.17600
       2.18484       3.48900
       2.19384       3.84200
       2.20284       4.22900
       2.21084       4.64100
       2.21984       5.06200
       2.22884       5.47100
       2.23684       5.84700
       2.24584       6.17000
       2.25484       6.42800
       2.26284       6.61100
       2.27184       6.72200
       2.28084       6.76500
       2.28984       6.75100
       2.29784       6.69000
       2.30684       6.59300
       2.31584       6.46500
       2.32384       6.31400
       2.33284       6.14400
       2.34184       5.96100
       2.35084       5.77000
       2.35884       5.58200
       2.36784       5.40300
       2.37684       5.23700
       2.38484       5.08400
       2.39384       4.94200
       2.40284       4.80700
       2.41084       4.68000
       2.41984       4.56500
       2.42884       4.47300
       2.43784       4.41300
       2.44584       4.38900
       2.45484       4.39600
       2.46384       4.41800
       2.47184       4.43500
       2.48084       4.42600
       2.48984       4.37300
       2.49884       4.27400
       2.50684       4.13300
       2.51584       3.96600
       2.52484       3.79400
       2.53284       3.63400
       2.54184       3.49800
       2.55084       3.39000
       2.55884       3.30700
       2.56784       3.23800
       2.57684       3.17600
       2.58584       3.11100
       2.59384       3.04100
       2.60284       2.96700
       2.61184       2.89500
       2.61984       2.83100
       2.62884       2.78100
       2.63784       2.74900
       2.64684       2.73400
       2.65484       2.73000
       2.66384       2.73100
       2.67284       2.72700
       2.68084       2.71400
       2.68984       2.68900
       2.69884       2.65500
       2.70684       2.61800
       2.71584       2.58700
       2.72484       2.56700
       2.73384       2.56200
       2.74184       2.57100
       2.75084       2.58800
       2.75984       2.60600
       2.76784       2.61500
       2.77684       2.60800
       2.78584       2.58100
       2.79484       2.53800
       2.80284       2.48700
       2.81184       2.44300
       2.82084       2.42300
       2.82884       2.44300
       2.83784       2.51600
       2.84684       2.64400
       2.85484       2.82400
       2.86384       3.03700
       2.87284       3.26300
       2.88184       3.47000
       2.88984       3.63300
       2.89884       3.73000
       2.90784       3.74900
       2.91584       3.69400
       2.92484       3.58000
       2.93384       3.43100
       2.94184       3.27200
       2.95084       3.12700
       2.95984       3.01000
       2.96884       2.92400
       2.97684       2.86600
       2.98584       2.82500
       2.99484       2.78800
       3.00284       2.74400
       3.01184       2.68500
       3.02084       2.60700
       3.02984       2.51300
       3.03784       2.41000
       3.04684       2.30500
       3.05584       2.21200
       3.06384       2.13800
       3.07284       2.09200
       3.08184       2.07700
       3.08984       2.09000
       3.09884       2.12300
       3.10784       2.16300
       3.11684       2.19500
       3.12484       2.20500
       3.13384       2.18300
       3.14284       2.13100
       3.15084       2.05300
       3.15984       1.96600
       3.16884       1.88400
       3.17784       1.82500
       3.18584       1.79700
       3.19484       1.80500
       3.20384       1.84200
       3.21184       1.89500
       3.22084       1.94600
       3.22984       1.97900
       3.23784       1.98000
       3.24684       1.94400
       3.25584       1.87400
       3.26484       1.78200
       3.27284       1.68300
       3.28184       1.59500
       3.29084       1.53300
       3.29884       1.50500
       3.30784       1.50900
       3.31684       1.53600
       3.32584       1.57000
       3.33384       1.59400
       3.34284       1.59500
       3.35184       1.56500
       3.35984       1.50700
       3.36884       1.43200
       3.37784       1.35600
       3.38584       1.29800
       3.39484       1.27100
       3.40384       1.28200
       3.41284       1.32600
       3.42084       1.39200
       3.42984       1.46200
       3.43884       1.51700
       3.44684       1.54000
       3.45584       1.52700
       3.46484       1.47900
       3.47284       1.41200
       3.48184       1.34400
       3.49084       1.29600
       3.49984       1.28200
       3.50784       1.30500
       3.51684       1.36100
       3.52584       1.43200
       3.53384       1.50000
       3.54284       1.54700
       3.55184       1.56400
       3.56084       1.54800
       3.56884       1.51000
       3.57784       1.46500
       3.58684       1.42900
       3.59484       1.41500
       3.60384       1.42900
       3.61284       1.46900
       3.62084       1.52700
       3.62984       1.59100
       3.63884       1.65000
       3.64784       1.69900
       3.65584       1.73400
       3.66484       1.76000
       3.67384       1.77900
       3.68184       1.79500
       3.69084       1.81000
       3.69984       1.82200
       3.70884       1.82500
       3.71684       1.81500
       3.72584       1.78800
       3.73484       1.74100
       3.74284       1.67600
       3.75184       1.59400
       3.76084       1.50100
       3.76884       1.40400
       3.77784       1.30900
       3.78684       1.22400
       3.79584       1.15500
       3.80384       1.10700
       3.81284       1.08300
       3.82184       1.08100
       3.82984       1.09600
       3.83884       1.12500
       3.84784       1.16200
       3.85684       1.20700
       3.86484       1.25900
       3.87384       1.32400
       3.88284       1.40500
       3.89084       1.50500
       3.89984       1.62800
       3.90884       1.77300
       3.91684       1.93600
       3.92584       2.11600
       3.93484       2.30900
       3.94384       2.51500
       3.95184       2.73400
       3.96084       2.96500
       3.96984       3.20400
       3.97784       3.44300
       3.98684       3.66800
       3.99584       3.85900
       4.00484       3.99900
       4.01284       4.07200
       4.02184       4.07100
       4.03084       3.99800
       4.03884       3.86300
       4.04784       3.68200
       4.05684       3.47300
       4.06484       3.25000
       4.07384       3.02600
       4.08284       2.81200
       4.09184       2.61400
       4.09984       2.43900
       4.10884       2.29000
       4.11784       2.17000
       4.12584       2.07800
       4.13484       2.00900
       4.14384       1.96000
       4.15184       1.92100
       4.16084       1.88800
       4.16984       1.85500
       4.17884       1.82100
       4.18684       1.78600
       4.19584       1.75300
       4.20484       1.72300
       4.21284       1.69900
       4.22184       1.67900
       4.23084       1.66200
       4.23984       1.64100
       4.24784       1.61500
       4.25684       1.58200
       4.26584       1.54300
       4.27384       1.50500
       4.28284       1.46900
       4.29184       1.43900
       4.29984       1.41400
       4.30884       1.39100
       4.31784       1.36500
       4.32684       1.33500
       4.33484       1.30000
       4.34384       1.26200
       4.35284       1.22400
       4.36084       1.19100
       4.36984       1.16300
       4.37884       1.13900
       4.38784       1.11600
       4.39584       1.09200
       4.40484       1.06600
       4.41384       1.03900
       4.42184       1.01200
       4.43084       0.98630
       4.43984       0.96380
       4.44784       0.94390
       4.45684       0.92580
       4.46584       0.90820
       4.47484       0.89030
       4.48284       0.87220
       4.49184       0.85450
       4.50084       0.83760
       4.50884       0.82200
       4.51784       0.80740
       4.52684       0.79360
       4.53584       0.77980
       4.54384       0.76550
       4.55284       0.75010
       4.56184       0.73270
       4.56984       0.71220
       4.57884       0.68710
       4.58784       0.65560
       4.59584       0.61640
       4.60484       0.56840
       4.61384       0.51200
       4.62284       0.44850
       4.63084       0.38050
       4.63984       0.31150
       4.64884       0.24520
       4.65684       0.18510
       4.66584       0.13360
       4.67484       0.09204
       4.68384       0.06040
       4.69184       0.03770
       4.70084       0.02235
       4.70984       0.01257
       4.71784       0.00670
       4.72684       0.00338
       4.73584       0.00162
       4.74384       0.00073
       4.75284       0.00031
       4.76184       0.00013
       4.77084       0.00005
       4.77884       0.00002
       4.78784       0.00001
       4.79684       0.00000
       4.80484       0.00000
       4.81384       0.00000
       4.82284       0.00000
       4.83084       0.00000
       4.83984       0.00000
       4.84884       0.00000
       4.85784       0.00000
       4.86584       0.00000
       4.87484       0.00000
       4.88384       0.00000
       4.89184       0.00000
       4.90084       0.00000
       4.90984       0.00001
       4.91884       0.00004
       4.92684       0.00009
       4.93584       0.00022
       4.94484       0.00049
       4.95284       0.00105
       4.96184       0.00212
       4.97084       0.00407
       4.97884       0.00737
       4.98784       0.01269
       4.99684       0.02072
       5.00584       0.03217
       5.01384       0.04755
       5.02284       0.06702
       5.03184       0.09025
       5.03984       0.11640
       5.04884       0.14420
       5.05784       0.17210
       5.06684       0.19870
       5.07484       0.22280
       5.08384       0.24370
       5.09284       0.26120
       5.10084       0.27610
       5.10984       0.28920
       5.11884       0.30190
       5.12684       0.31590
       5.13584       0.33260
       5.14484       0.35330
       5.15384       0.37850
       5.16184       0.40860
       5.17084       0.44270
       5.17984       0.47990
       5.18784       0.51830
       5.19684       0.55610
       5.20584       0.59120
       5.21484       0.62180
       5.22284       0.64670
       5.23184       0.66560
       5.24084       0.67930
       5.24884       0.68890
       5.25784       0.69620
       5.26684       0.70240
       5.27484       0.70790
       5.28384       0.71280
       5.29284       0.71630
       5.30184       0.71800
       5.30984       0.71800
       5.31884       0.71700
       5.32784       0.71630
       5.33584       0.71700
       5.34484       0.72020
       5.35384       0.72550
       5.36284       0.73170
       5.37084       0.73710
       5.37984       0.73970
       5.38884       0.73850
       5.39684       0.73410
       5.40584       0.72830
       5.41484       0.72400
       5.42284       0.72380
       5.43184       0.72910
       5.44084       0.73900
       5.44984       0.75070
       5.45784       0.76020
       5.46684       0.76410
       5.47584       0.76060
       5.48384       0.75070
       5.49284       0.73800
       5.50184       0.72720
       5.50984       0.72260
       5.51884       0.72690
       5.52784       0.73940
       5.53684       0.75690
       5.54484       0.77420
       5.55384       0.78610
       5.56284       0.78860
       5.57084       0.78080
       5.57984       0.76510
       5.58884       0.74600
       5.59784       0.72960
       5.60584       0.72110
       5.61484       0.72340
       5.62384       0.73640
       5.63184       0.75700
       5.64084       0.77970
       5.64984       0.79880
       5.65784       0.80930
       5.66684       0.80850
       5.67584       0.79670
       5.68484       0.77710
       5.69284       0.75460
       5.70184       0.73510
       5.71084       0.72340
       5.71884       0.72250
       5.72784       0.73300
       5.73684       0.75260
       5.74584       0.77730
       5.75384       0.80140
       5.76284       0.81970
       5.77184       0.82820
       5.77984       0.82510
       5.78884       0.81140
       5.79784       0.79070
       5.80584       0.76790
       5.81484       0.74900
       5.82384       0.73890
       5.83284       0.74100
       5.84084       0.75640
       5.84984       0.78410
       5.85884       0.82130
       5.86684       0.86370
       5.87584       0.90660
       5.88484       0.94530
       5.89384       0.97590
       5.90184       0.99630
       5.91084       1.00600
       5.91984       1.00800
       5.92784       1.00700
       5.93684       1.00800
       5.94584       1.01800
       5.95384       1.04200
       5.96284       1.08200
       5.97184       1.13800
       5.98084       1.20700
       5.98884       1.28400
       5.99784       1.36100
       6.00684       1.43200
       6.01484       1.49200
       6.02384       1.53800
       6.03284       1.56800
       6.04184       1.58400
       6.04984       1.58900
       6.05884       1.58700
       6.06784       1.58200
       6.07584       1.57800
       6.08484       1.57600
       6.09384       1.57800
       6.10184       1.58400
       6.11084       1.59600
       6.11984       1.61600
       6.12884       1.64300
       6.13684       1.67800
       6.14584       1.71600
       6.15484       1.75100
       6.16284       1.77500
       6.17184       1.78300
       6.18084       1.77200
       6.18884       1.74500
       6.19784       1.70800
       6.20684       1.66900
       6.21584       1.63800
       6.22384       1.62400
       6.23284       1.62900
       6.24184       1.65300
       6.24984       1.69100
       6.25884       1.73600
       6.26784       1.77900
       6.27684       1.81500
       6.28484       1.84000
       6.29384       1.85300
       6.30284       1.85500
       6.31084       1.84700
       6.31984       1.83100
       6.32884       1.80900
       6.33684       1.78500
       6.34584       1.76100
       6.35484       1.74100
       6.36384       1.73100
       6.37184       1.73200
       6.38084       1.74700
       6.38984       1.77600
       6.39784       1.81400
       6.40684       1.85600
       6.41584       1.89500
       6.42484       1.92400
       6.43284       1.93600
       6.44184       1.93100
       6.45084       1.91100
       6.45884       1.88000
       6.46784       1.84700
       6.47684       1.82000
       6.48484       1.80500
       6.49384       1.80800
       6.50284       1.82800
       6.51184       1.86300
       6.51984       1.90400
       6.52884       1.94500
       6.53784       1.97700
       6.54584       1.99400
       6.55484       1.99200
       6.56384       1.97400
       6.57284       1.94400
       6.58084       1.91000
       6.58984       1.87900
       6.59884       1.85900
       6.60684       1.85500
       6.61584       1.87000
       6.62484       1.90000
       6.63284       1.94400
       6.64184       1.99400
       6.65084       2.04300
       6.65984       2.08400
       6.66784       2.11300
       6.67684       2.12500
       6.68584       2.11800
       6.69384       2.09400
       6.70284       2.05600
       6.71184       2.00900
       6.72084       1.96100
       6.72884       1.92200
       6.73784       1.90000
       6.74684       1.90000
       6.75484       1.92500
       6.76384       1.97200
       6.77284       2.03500
       6.78084       2.10400
       6.78984       2.17100
       6.79884       2.22800
       6.80784       2.27000
       6.81584       2.29200
       6.82484       2.29700
       6.83384       2.28600
       6.84184       2.26400
       6.85084       2.23400
       6.85984       2.20000
       6.86784       2.16500
       6.87684       2.13500
       6.88584       2.11500
       6.89484       2.11000
       6.90284       2.12500
       6.91184       2.16300
       6.92084       2.22600
       6.92884       2.31100
       6.93784       2.41300
       6.94684       2.52400
       6.95584       2.63400
       6.96384       2.73300
       6.97284       2.81200
       6.98184       2.86200
       6.98984       2.87900
       6.99884       2.86500
       7.00784       2.82300
       7.01584       2.76000
       7.02484       2.68400
       7.03384       2.60100
       7.04284       2.51700
       7.05084       2.43400
       7.05984       2.35200
       7.06884       2.27400
       7.07684       2.20100
       7.08584       2.13800
       7.09484       2.09000
       7.10384       2.06200
       7.11184       2.05600
       7.12084       2.06900
       7.12984       2.09400
       7.13784       2.12000
       7.14684       2.13600
       7.15584       2.13000
       7.16384       2.09800
       7.17284       2.03900
       7.18184       1.95700
       7.19084       1.86300
       7.19884       1.76700
       7.20784       1.68200
       7.21684       1.61400
       7.22484       1.57000
       7.23384       1.55000
       7.24284       1.55200
       7.25184       1.57200
       7.25984       1.60300
       7.26884       1.63700
       7.27784       1.66900
       7.28584       1.69300
       7.29484       1.70600
       7.30384       1.70700
       7.31184       1.69600
       7.32084       1.67700
       7.32984       1.65300
       7.33884       1.62800
       7.34684       1.60600
       7.35584       1.58700
       7.36484       1.57100
       7.37284       1.55400
       7.38184       1.53300
       7.39084       1.50800
       7.39984       1.47800
       7.40784       1.44800
       7.41684       1.41900
       7.42584       1.39600
       7.43384       1.37900
       7.44284       1.36900
       7.45184       1.36500
       7.45984       1.36900
       7.46884       1.38100
       7.47784       1.40500
       7.48684       1.44200
       7.49484       1.49100
       7.50384       1.55000
       7.51284       1.61300
       7.52084       1.67600
       7.52984       1.73100
       7.53884       1.77400
       7.54684       1.80100
       7.55584       1.80900
       7.56484       1.79800
       7.57384       1.77000
       7.58184       1.72900
       7.59084       1.68200
       7.59984       1.63500
       7.60784       1.59800
       7.61684       1.57900
       7.62584       1.58400
       7.63484       1.61500
       7.64284       1.67100
       7.65184       1.74600
       7.66084       1.83300
       7.66884       1.92400
       7.67784       2.01000
       7.68684       2.08600
       7.69484       2.14900
       7.70384       2.20000
       7.71284       2.24100
       7.72184       2.27500
       7.72984       2.30600
       7.73884       2.33700
       7.74784       2.37000
       7.75584       2.40900
       7.76484       2.45400
       7.77384       2.50400
       7.78284       2.55300
       7.79084       2.59200
       7.79984       2.61000
       7.80884       2.59500
       7.81684       2.54100
       7.82584       2.44700
       7.83484       2.32000
       7.84284       2.17500
       7.85184       2.03100
       7.86084       1.90700
       7.86984       1.82200
       7.87784       1.78400
       7.88684       1.79900
       7.89584       1.86300
       7.90384       1.96500
       7.91284       2.09100
       7.92184       2.22200
       7.93084       2.33900
       7.93884       2.42500
       7.94784       2.46700
       7.95684       2.46000
       7.96484       2.41000
       7.97384       2.32800
       7.98284       2.23300
       7.99084       2.14500
       7.99984       2.07900
       8.00884       2.04400
       8.01784       2.04000
       8.02584       2.06000
       8.03484       2.09600
       8.04384       2.13600
       8.05184       2.17600
       8.06084       2.21500
       8.06984       2.25400
       8.07884       2.29800
       8.08684       2.35000
       8.09584       2.41000
       8.10484       2.47400
       8.11284       2.53200
       8.12184       2.57500
       8.13084       2.59300
       8.13884       2.57700
       8.14784       2.52300
       8.15684       2.43200
       8.16584       2.31000
       8.17384       2.16700
       8.18284       2.01900
       8.19184       1.88000
       8.19984       1.76400
       8.20884       1.67700
       8.21784       1.62000
       8.22584       1.58600
       8.23484       1.56300
       8.24384       1.54100
       8.25284       1.51300
       8.26084       1.47900
       8.26984       1.44500
       8.27884       1.42100
       8.28684       1.41600
       8.29584       1.43600
       8.30484       1.47700
       8.31384       1.52900
       8.32184       1.57600
       8.33084       1.60100
       8.33984       1.58900
       8.34784       1.53500
       8.35684       1.44200
       8.36584       1.32200
       8.37384       1.19100
       8.38284       1.06700
       8.39184       0.96260
       8.40084       0.88830
       8.40884       0.84690
       8.41784       0.83680
       8.42684       0.85320
       8.43484       0.89010
       8.44384       0.94150
       8.45284       1.00300
       8.46184       1.06900
       8.46984       1.13900
       8.47884       1.20800
       8.48784       1.27200
       8.49584       1.32700
       8.50484       1.36500
       8.51384       1.37900
       8.52184       1.36100
       8.53084       1.30900
       8.53984       1.22300
       8.54884       1.11000
       8.55684       0.98090
       8.56584       0.84950
       8.57484       0.72730
       8.58284       0.62370
       8.59184       0.54420
       8.60084       0.49140
       8.60984       0.46610
       8.61784       0.46890
       8.62684       0.50070
       8.63584       0.56200
       8.64384       0.65240
       8.65284       0.76820
       8.66184       0.90200
       8.66984       1.04200
       8.67884       1.17100
       8.68784       1.27400
       8.69684       1.33400
       8.70484       1.34000
       8.71384       1.28900
       8.72284       1.18600
       8.73084       1.04500
       8.73984       0.88400
       8.74884       0.72350
       8.75784       0.58180
       8.76584       0.47150
       8.77484       0.39880
       8.78384       0.36360
       8.79184       0.36130
       8.80084       0.38560
       8.80984       0.43020
       8.81784       0.49030
       8.82684       0.56280
       8.83584       0.64460
       8.84484       0.73160
       8.85284       0.81700
       8.86184       0.89180
       8.87084       0.94560
       8.87884       0.96920
       8.88784       0.95760
       8.89684       0.91170
       8.90484       0.83890
       8.91384       0.75110
       8.92284       0.66210
       8.93184       0.58470
       8.93984       0.52780
       8.94884       0.49540
       8.95784       0.48690
       8.96584       0.49860
       8.97484       0.52480
       8.98384       0.55980
       8.99284       0.59850
       9.00084       0.63650
       9.00984       0.66960
       9.01884       0.69410
       9.02684       0.70580
       9.03584       0.70170
       9.04484       0.67990
       9.05284       0.64140
       9.06184       0.58970
       9.07084       0.53070
       9.07984       0.47130
       9.08784       0.41830
       9.09684       0.37680
       9.10584       0.35020
       9.11384       0.33920
       9.12284       0.34280
       9.13184       0.35870
       9.14084       0.38330
       9.14884       0.41250
       9.15784       0.44140
       9.16684       0.46550
       9.17484       0.48060
       9.18384       0.48420
       9.19284       0.47520
       9.20084       0.45510
       9.20984       0.42680
       9.21884       0.39480
       9.22784       0.36380
       9.23584       0.33830
       9.24484       0.32130
       9.25384       0.31440
       9.26184       0.31710
       9.27084       0.32730
       9.27984       0.34150
       9.28884       0.35550
       9.29684       0.36560
       9.30584       0.36900
       9.31484       0.36490
       9.32284       0.35400
       9.33184       0.33890
       9.34084       0.32290
       9.34884       0.30890
       9.35784       0.29890
       9.36684       0.29360
       9.37584       0.29230
       9.38384       0.29310
       9.39284       0.29390
       9.40184       0.29300
       9.40984       0.28890
       9.41884       0.28100
       9.42784       0.26930
       9.43684       0.25390
       9.44484       0.23540
       9.45384       0.21400
       9.46284       0.19020
       9.47084       0.16450
       9.47984       0.13780
       9.48884       0.11140
       9.49684       0.08641
       9.50584       0.06418
       9.51484       0.04550
       9.52384       0.03073
       9.53184       0.01974
       9.54084       0.01204
       9.54984       0.00698
       9.55784       0.00383
       9.56684       0.00200
       9.57584       0.00099
       9.58384       0.00046
       9.59284       0.00020
       9.60184       0.00009
       9.61084       0.00003
       9.61884       0.00001
       9.62784       0.00000
       9.63684       0.00000
       9.64484       0.00000
       9.65384       0.00000
       9.66284       0.00000
       9.67184       0.00000
       9.67984       0.00000
       9.68884       0.00000
       9.69784       0.00000
       9.70584       0.00000
       9.71484       0.00000
       9.72384       0.00000
       9.73184       0.00000
       9.74084       0.00000
       9.74984       0.00000
       9.75884       0.00000
       9.76684       0.00000
       9.77584       0.00000
       9.78484       0.00000
       9.79284       0.00000
       9.80184       0.00000
       9.81084       0.00000
       9.81984       0.00000
       9.82784       0.00000
       9.83684       0.00000
       9.84584       0.00000
       9.85384       0.00000
       9.86284       0.00000
       9.87184       0.00000
       9.87984       0.00000
       9.88884       0.00000
       9.89784       0.00000
       9.90684       0.00000
       9.91484       0.00000
       9.92384       0.00000
       9.93284       0.00000
       9.94084       0.00000
       9.94984       0.00000
       9.95884       0.00000
       9.96784       0.00000
       9.97584       0.00000
       9.98484       0.00000
       9.99384       0.00000
      10.00184       0.00000
      10.01084       0.00000
      10.01984       0.00000
      10.02784       0.00000
      10.03684       0.00000
      10.04584       0.00000
      10.05484       0.00000
      10.06284       0.00000
      10.07184       0.00000
      10.08084       0.00000
      10.08884       0.00000
      10.09784       0.00000
      10.10684       0.00000
      10.11584       0.00000
      10.12384       0.00000
      10.13284       0.00000
      10.14184       0.00000
      10.14984       0.00000
      10.15884       0.00000
      10.16784       0.00000
      10.17584       0.00000
      10.18484       0.00000
      10.19384       0.00000
      10.20284       0.00000
      10.21084       0.00000
      10.21984       0.00000
      10.22884       0.00000
      10.23684       0.00000
      10.24584       0.00000
      10.25484       0.00000
      10.26284       0.00000
      10.27184       0.00000
      10.28084       0.00000
      10.28984       0.00000
      10.29784       0.00000
      10.30684       0.00000
      10.31584       0.00000
      10.32384       0.00000
      10.33284       0.00000
      10.34184       0.00000
      10.35084       0.00000
      10.35884       0.00000
      10.36784       0.00000
      10.37684       0.00000
      10.38484       0.00000
      10.39384       0.00000
      10.40284       0.00000
      10.41084       0.00000
      10.41984       0.00000
      10.42884       0.00000
      10.43784       0.00000
      10.44584       0.00000
      10.45484       0.00000
      10.46384       0.00000
      10.47184       0.00000
      10.48084       0.00000
      10.48984       0.00000
      10.49884       0.00000
      10.50684       0.00000
      10.51584       0.00000
      10.52484       0.00000
      10.53284       0.00000
      10.54184       0.00000
      10.55084       0.00000
      10.55884       0.00000
      10.56784       0.00000
      10.57684       0.00000
      10.58584       0.00000
      10.59384       0.00000
      10.60284       0.00000
      10.61184       0.00000
      10.61984       0.00000
      10.62884       0.00000
      10.63784       0.00000
      10.64684       0.00000
      10.65484       0.00000
      10.66384       0.00000
