      #Energy        TDOS
     -15.63188       0.00000
     -15.62488       0.00000
     -15.61788       0.00000
     -15.61088       0.00000
     -15.60488       0.00000
     -15.59788       0.00000
     -15.59088       0.00000
     -15.58488       0.00000
     -15.57788       0.00000
     -15.57088       0.00000
     -15.56488       0.00000
     -15.55788       0.00000
     -15.55088       0.00000
     -15.54388       0.00000
     -15.53788       0.00000
     -15.53088       0.00000
     -15.52388       0.00000
     -15.51788       0.00000
     -15.51088       0.00000
     -15.50388       0.00000
     -15.49688       0.00000
     -15.49088       0.00000
     -15.48388       0.00000
     -15.47688       0.00000
     -15.47088       0.00000
     -15.46388       0.00000
     -15.45688       0.00000
     -15.44988       0.00000
     -15.44388       0.00000
     -15.43688       0.00000
     -15.42988       0.00000
     -15.42388       0.00000
     -15.41688       0.00000
     -15.40988       0.00000
     -15.40288       0.00000
     -15.39688       0.00000
     -15.38988       0.00000
     -15.38288       0.00000
     -15.37688       0.00000
     -15.36988       0.00000
     -15.36288       0.00000
     -15.35688       0.00000
     -15.34988       0.00000
     -15.34288       0.00000
     -15.33588       0.00000
     -15.32988       0.00000
     -15.32288       0.00000
     -15.31588       0.00000
     -15.30988       0.00000
     -15.30288       0.00000
     -15.29588       0.00000
     -15.28888       0.00000
     -15.28288       0.00000
     -15.27588       0.00000
     -15.26888       0.00000
     -15.26288       0.00000
     -15.25588       0.00000
     -15.24888       0.00000
     -15.24188       0.00000
     -15.23588       0.00000
     -15.22888       0.00000
     -15.22188       0.00000
     -15.21588       0.00000
     -15.20888       0.00000
     -15.20188       0.00000
     -15.19588       0.00000
     -15.18888       0.00000
     -15.18188       0.00000
     -15.17488       0.00000
     -15.16888       0.00000
     -15.16188       0.00000
     -15.15488       0.00000
     -15.14888       0.00000
     -15.14188       0.00000
     -15.13488       0.00000
     -15.12788       0.00000
     -15.12188       0.00000
     -15.11488       0.00000
     -15.10788       0.00000
     -15.10188       0.00000
     -15.09488       0.00000
     -15.08788       0.00000
     -15.08088       0.00000
     -15.07488       0.00000
     -15.06788       0.00000
     -15.06088       0.00000
     -15.05488       0.00000
     -15.04788       0.00000
     -15.04088       0.00000
     -15.03488       0.00000
     -15.02788       0.00000
     -15.02088       0.00000
     -15.01388       0.00000
     -15.00788       0.00000
     -15.00088       0.00000
     -14.99388       0.00000
     -14.98788       0.00000
     -14.98088       0.00000
     -14.97388       0.00000
     -14.96688       0.00000
     -14.96088       0.00000
     -14.95388       0.00000
     -14.94688       0.00000
     -14.94088       0.00000
     -14.93388       0.00000
     -14.92688       0.00000
     -14.91988       0.00000
     -14.91388       0.00000
     -14.90688       0.00000
     -14.89988       0.00000
     -14.89388       0.00000
     -14.88688       0.00000
     -14.87988       0.00000
     -14.87288       0.00000
     -14.86688       0.00001
     -14.85988       0.00002
     -14.85288       0.00005
     -14.84688       0.00011
     -14.83988       0.00023
     -14.83288       0.00046
     -14.82688       0.00089
     -14.81988       0.00164
     -14.81288       0.00294
     -14.80588       0.00509
     -14.79988       0.00850
     -14.79288       0.01373
     -14.78588       0.02145
     -14.77988       0.03242
     -14.77288       0.04742
     -14.76588       0.06714
     -14.75888       0.09207
     -14.75288       0.12240
     -14.74588       0.15770
     -14.73888       0.19730
     -14.73288       0.23990
     -14.72588       0.28370
     -14.71888       0.32680
     -14.71188       0.36740
     -14.70588       0.40370
     -14.69888       0.43430
     -14.69188       0.45860
     -14.68588       0.47610
     -14.67888       0.48680
     -14.67188       0.49090
     -14.66588       0.48870
     -14.65888       0.48030
     -14.65188       0.46580
     -14.64488       0.44530
     -14.63888       0.41910
     -14.63188       0.38780
     -14.62488       0.35220
     -14.61888       0.31380
     -14.61188       0.27470
     -14.60488       0.23740
     -14.59788       0.20480
     -14.59188       0.18030
     -14.58488       0.16760
     -14.57788       0.17070
     -14.57188       0.19410
     -14.56488       0.24210
     -14.55788       0.31910
     -14.55088       0.42850
     -14.54488       0.57280
     -14.53788       0.75220
     -14.53088       0.96410
     -14.52488       1.20300
     -14.51788       1.46100
     -14.51088       1.72800
     -14.50488       1.99100
     -14.49788       2.23800
     -14.49088       2.46000
     -14.48388       2.64700
     -14.47788       2.79500
     -14.47088       2.90000
     -14.46388       2.96300
     -14.45788       2.98400
     -14.45088       2.96500
     -14.44388       2.90500
     -14.43688       2.80800
     -14.43088       2.67300
     -14.42388       2.50200
     -14.41688       2.29900
     -14.41088       2.07100
     -14.40388       1.82300
     -14.39688       1.56800
     -14.38988       1.31400
     -14.38388       1.07100
     -14.37688       0.84940
     -14.36988       0.65380
     -14.36388       0.48830
     -14.35688       0.35350
     -14.34988       0.24790
     -14.34388       0.16830
     -14.33688       0.11060
     -14.32988       0.07036
     -14.32288       0.04327
     -14.31688       0.02573
     -14.30988       0.01479
     -14.30288       0.00822
     -14.29688       0.00441
     -14.28988       0.00229
     -14.28288       0.00115
     -14.27588       0.00056
     -14.26988       0.00027
     -14.26288       0.00015
     -14.25588       0.00013
     -14.24988       0.00020
     -14.24288       0.00040
     -14.23588       0.00083
     -14.22888       0.00169
     -14.22288       0.00332
     -14.21588       0.00633
     -14.20888       0.01164
     -14.20288       0.02068
     -14.19588       0.03552
     -14.18888       0.05898
     -14.18188       0.09468
     -14.17588       0.14700
     -14.16888       0.22080
     -14.16188       0.32100
     -14.15588       0.45190
     -14.14888       0.61630
     -14.14188       0.81480
     -14.13588       1.04500
     -14.12888       1.30100
     -14.12188       1.57500
     -14.11488       1.85500
     -14.10888       2.12900
     -14.10188       2.38400
     -14.09488       2.61000
     -14.08888       2.79800
     -14.08188       2.94200
     -14.07488       3.03800
     -14.06788       3.08600
     -14.06188       3.08500
     -14.05488       3.03700
     -14.04788       2.94400
     -14.04188       2.80900
     -14.03488       2.63500
     -14.02788       2.43000
     -14.02088       2.20200
     -14.01488       1.96200
     -14.00788       1.72400
     -14.00088       1.50400
     -13.99488       1.31600
     -13.98788       1.17500
     -13.98088       1.09100
     -13.97488       1.07300
     -13.96788       1.12200
     -13.96088       1.23500
     -13.95388       1.40500
     -13.94788       1.62100
     -13.94088       1.86600
     -13.93388       2.12500
     -13.92788       2.37900
     -13.92088       2.61400
     -13.91388       2.81700
     -13.90688       2.97800
     -13.90088       3.09000
     -13.89388       3.15100
     -13.88688       3.15900
     -13.88088       3.11400
     -13.87388       3.01800
     -13.86688       2.87500
     -13.85988       2.68900
     -13.85388       2.46500
     -13.84688       2.21300
     -13.83988       1.94200
     -13.83388       1.66400
     -13.82688       1.38900
     -13.81988       1.12900
     -13.81388       0.89200
     -13.80688       0.68450
     -13.79988       0.50970
     -13.79288       0.36800
     -13.78688       0.25740
     -13.77988       0.17440
     -13.77288       0.11440
     -13.76688       0.07256
     -13.75988       0.04453
     -13.75288       0.02643
     -13.74588       0.01516
     -13.73988       0.00841
     -13.73288       0.00450
     -13.72588       0.00233
     -13.71988       0.00117
     -13.71288       0.00056
     -13.70588       0.00026
     -13.69888       0.00012
     -13.69288       0.00005
     -13.68588       0.00002
     -13.67888       0.00001
     -13.67288       0.00001
     -13.66588       0.00002
     -13.65888       0.00005
     -13.65188       0.00011
     -13.64588       0.00022
     -13.63888       0.00043
     -13.63188       0.00081
     -13.62588       0.00150
     -13.61888       0.00268
     -13.61188       0.00465
     -13.60588       0.00784
     -13.59888       0.01288
     -13.59188       0.02063
     -13.58488       0.03231
     -13.57888       0.04958
     -13.57188       0.07472
     -13.56488       0.11080
     -13.55888       0.16210
     -13.55188       0.23400
     -13.54488       0.33360
     -13.53788       0.46950
     -13.53188       0.65150
     -13.52488       0.89020
     -13.51788       1.19600
     -13.51188       1.57600
     -13.50488       2.03500
     -13.49788       2.57300
     -13.49088       3.18300
     -13.48488       3.85000
     -13.47788       4.55300
     -13.47088       5.26800
     -13.46488       5.96500
     -13.45788       6.61600
     -13.45088       7.19100
     -13.44488       7.66700
     -13.43788       8.02200
     -13.43088       8.24000
     -13.42388       8.31200
     -13.41788       8.23600
     -13.41088       8.01600
     -13.40388       7.66300
     -13.39788       7.19900
     -13.39088       6.64900
     -13.38388       6.04500
     -13.37688       5.42200
     -13.37088       4.81100
     -13.36388       4.24200
     -13.35688       3.73600
     -13.35088       3.31100
     -13.34388       2.97100
     -13.33688       2.71900
     -13.32988       2.54900
     -13.32388       2.45200
     -13.31688       2.41900
     -13.30988       2.44000
     -13.30388       2.50800
     -13.29688       2.61700
     -13.28988       2.76500
     -13.28388       2.95100
     -13.27688       3.17400
     -13.26988       3.43400
     -13.26288       3.72800
     -13.25688       4.04800
     -13.24988       4.38300
     -13.24288       4.71800
     -13.23688       5.03400
     -13.22988       5.31000
     -13.22288       5.52800
     -13.21588       5.67400
     -13.20988       5.73900
     -13.20288       5.72400
     -13.19588       5.63600
     -13.18988       5.49300
     -13.18288       5.31500
     -13.17588       5.12600
     -13.16888       4.94900
     -13.16288       4.79900
     -13.15588       4.68800
     -13.14888       4.61800
     -13.14288       4.58200
     -13.13588       4.56800
     -13.12888       4.56000
     -13.12288       4.54100
     -13.11588       4.49600
     -13.10888       4.41800
     -13.10188       4.30200
     -13.09588       4.15200
     -13.08888       3.97400
     -13.08188       3.77900
     -13.07588       3.57600
     -13.06888       3.37400
     -13.06188       3.17600
     -13.05488       2.98500
     -13.04888       2.79900
     -13.04188       2.61600
     -13.03488       2.43700
     -13.02888       2.26500
     -13.02188       2.11000
     -13.01488       1.98800
     -13.00788       1.92300
     -13.00188       1.94600
     -12.99488       2.09200
     -12.98788       2.39900
     -12.98188       2.90300
     -12.97488       3.63300
     -12.96788       4.60600
     -12.96088       5.82200
     -12.95488       7.26000
     -12.94788       8.87500
     -12.94088      10.60000
     -12.93488      12.34000
     -12.92788      14.00000
     -12.92088      15.47000
     -12.91488      16.66000
     -12.90788      17.49000
     -12.90088      17.90000
     -12.89388      17.90000
     -12.88788      17.51000
     -12.88088      16.79000
     -12.87388      15.81000
     -12.86788      14.67000
     -12.86088      13.45000
     -12.85388      12.24000
     -12.84688      11.09000
     -12.84088      10.04000
     -12.83388       9.11000
     -12.82688       8.30000
     -12.82088       7.60000
     -12.81388       6.99600
     -12.80688       6.47300
     -12.79988       6.01700
     -12.79388       5.61700
     -12.78688       5.26600
     -12.77988       4.96100
     -12.77388       4.69900
     -12.76688       4.48100
     -12.75988       4.31200
     -12.75388       4.19700
     -12.74688       4.14700
     -12.73988       4.17200
     -12.73288       4.28400
     -12.72688       4.49300
     -12.71988       4.80600
     -12.71288       5.22700
     -12.70688       5.75500
     -12.69988       6.38500
     -12.69288       7.11100
     -12.68588       7.92200
     -12.67988       8.80600
     -12.67288       9.74400
     -12.66588      10.71000
     -12.65988      11.67000
     -12.65288      12.57000
     -12.64588      13.36000
     -12.63888      13.98000
     -12.63288      14.36000
     -12.62588      14.45000
     -12.61888      14.23000
     -12.61288      13.69000
     -12.60588      12.86000
     -12.59888      11.78000
     -12.59288      10.53000
     -12.58588       9.19300
     -12.57888       7.86400
     -12.57188       6.62500
     -12.56588       5.54800
     -12.55888       4.68100
     -12.55188       4.05100
     -12.54588       3.66000
     -12.53888       3.48900
     -12.53188       3.49700
     -12.52488       3.63200
     -12.51888       3.83200
     -12.51188       4.03600
     -12.50488       4.19100
     -12.49888       4.25300
     -12.49188       4.19700
     -12.48488       4.01500
     -12.47788       3.71700
     -12.47188       3.32700
     -12.46488       2.87800
     -12.45788       2.40500
     -12.45188       1.94100
     -12.44488       1.51200
     -12.43788       1.13800
     -12.43088       0.82690
     -12.42488       0.58010
     -12.41788       0.39300
     -12.41088       0.25700
     -12.40488       0.16230
     -12.39788       0.09895
     -12.39088       0.05825
     -12.38488       0.03310
     -12.37788       0.01816
     -12.37088       0.00962
     -12.36388       0.00492
     -12.35788       0.00243
     -12.35088       0.00116
     -12.34388       0.00053
     -12.33788       0.00024
     -12.33088       0.00010
     -12.32388       0.00004
     -12.31688       0.00002
     -12.31088       0.00001
     -12.30388       0.00000
     -12.29688       0.00000
     -12.29088       0.00000
     -12.28388       0.00000
     -12.27688       0.00000
     -12.26988       0.00000
     -12.26388       0.00000
     -12.25688       0.00000
     -12.24988       0.00000
     -12.24388       0.00000
     -12.23688       0.00000
     -12.22988       0.00000
     -12.22388       0.00000
     -12.21688       0.00000
     -12.20988       0.00000
     -12.20288       0.00000
     -12.19688       0.00000
     -12.18988       0.00000
     -12.18288       0.00000
     -12.17688       0.00000
     -12.16988       0.00000
     -12.16288       0.00000
     -12.15588       0.00000
     -12.14988       0.00000
     -12.14288       0.00000
     -12.13588       0.00000
     -12.12988       0.00000
     -12.12288       0.00000
     -12.11588       0.00000
     -12.10888       0.00000
     -12.10288       0.00000
     -12.09588       0.00000
     -12.08888       0.00000
     -12.08288       0.00000
     -12.07588       0.00000
     -12.06888       0.00000
     -12.06288       0.00000
     -12.05588       0.00000
     -12.04888       0.00000
     -12.04188       0.00000
     -12.03588       0.00000
     -12.02888       0.00000
     -12.02188       0.00000
     -12.01588       0.00000
     -12.00888       0.00000
     -12.00188       0.00000
     -11.99488       0.00000
     -11.98888       0.00000
     -11.98188       0.00000
     -11.97488       0.00000
     -11.96888       0.00000
     -11.96188       0.00000
     -11.95488       0.00000
     -11.94788       0.00000
     -11.94188       0.00000
     -11.93488       0.00000
     -11.92788       0.00000
     -11.92188       0.00000
     -11.91488       0.00000
     -11.90788       0.00000
     -11.90188       0.00000
     -11.89488       0.00000
     -11.88788       0.00000
     -11.88088       0.00000
     -11.87488       0.00000
     -11.86788       0.00000
     -11.86088       0.00000
     -11.85488       0.00000
     -11.84788       0.00000
     -11.84088       0.00000
     -11.83388       0.00000
     -11.82788       0.00000
     -11.82088       0.00000
     -11.81388       0.00000
     -11.80788       0.00000
     -11.80088       0.00000
     -11.79388       0.00000
     -11.78688       0.00000
     -11.78088       0.00000
     -11.77388       0.00000
     -11.76688       0.00000
     -11.76088       0.00000
     -11.75388       0.00000
     -11.74688       0.00000
     -11.73988       0.00000
     -11.73388       0.00000
     -11.72688       0.00000
     -11.71988       0.00000
     -11.71388       0.00000
     -11.70688       0.00000
     -11.69988       0.00000
     -11.69388       0.00000
     -11.68688       0.00000
     -11.67988       0.00000
     -11.67288       0.00000
     -11.66688       0.00000
     -11.65988       0.00000
     -11.65288       0.00000
     -11.64688       0.00000
     -11.63988       0.00000
     -11.63288       0.00000
     -11.62588       0.00000
     -11.61988       0.00000
     -11.61288       0.00000
     -11.60588       0.00000
     -11.59988       0.00000
     -11.59288       0.00000
     -11.58588       0.00000
     -11.57888       0.00000
     -11.57288       0.00000
     -11.56588       0.00000
     -11.55888       0.00000
     -11.55288       0.00000
     -11.54588       0.00000
     -11.53888       0.00000
     -11.53288       0.00000
     -11.52588       0.00000
     -11.51888       0.00000
     -11.51188       0.00000
     -11.50588       0.00000
     -11.49888       0.00000
     -11.49188       0.00000
     -11.48588       0.00000
     -11.47888       0.00000
     -11.47188       0.00000
     -11.46488       0.00000
     -11.45888       0.00000
     -11.45188       0.00000
     -11.44488       0.00000
     -11.43888       0.00000
     -11.43188       0.00000
     -11.42488       0.00000
     -11.41788       0.00000
     -11.41188       0.00000
     -11.40488       0.00000
     -11.39788       0.00000
     -11.39188       0.00000
     -11.38488       0.00000
     -11.37788       0.00000
     -11.37188       0.00000
     -11.36488       0.00000
     -11.35788       0.00000
     -11.35088       0.00000
     -11.34488       0.00000
     -11.33788       0.00000
     -11.33088       0.00000
     -11.32488       0.00000
     -11.31788       0.00000
     -11.31088       0.00000
     -11.30388       0.00000
     -11.29788       0.00000
     -11.29088       0.00000
     -11.28388       0.00000
     -11.27788       0.00000
     -11.27088       0.00000
     -11.26388       0.00000
     -11.25688       0.00000
     -11.25088       0.00000
     -11.24388       0.00000
     -11.23688       0.00000
     -11.23088       0.00000
     -11.22388       0.00000
     -11.21688       0.00000
     -11.20988       0.00000
     -11.20388       0.00000
     -11.19688       0.00000
     -11.18988       0.00000
     -11.18388       0.00000
     -11.17688       0.00000
     -11.16988       0.00000
     -11.16388       0.00000
     -11.15688       0.00000
     -11.14988       0.00000
     -11.14288       0.00000
     -11.13688       0.00000
     -11.12988       0.00000
     -11.12288       0.00000
     -11.11688       0.00000
     -11.10988       0.00000
     -11.10288       0.00000
     -11.09588       0.00000
     -11.08988       0.00000
     -11.08288       0.00000
     -11.07588       0.00000
     -11.06988       0.00000
     -11.06288       0.00000
     -11.05588       0.00000
     -11.04888       0.00000
     -11.04288       0.00000
     -11.03588       0.00000
     -11.02888       0.00000
     -11.02288       0.00000
     -11.01588       0.00000
     -11.00888       0.00000
     -11.00288       0.00000
     -10.99588       0.00000
     -10.98888       0.00000
     -10.98188       0.00000
     -10.97588       0.00000
     -10.96888       0.00000
     -10.96188       0.00000
     -10.95588       0.00000
     -10.94888       0.00000
     -10.94188       0.00000
     -10.93488       0.00000
     -10.92888       0.00000
     -10.92188       0.00000
     -10.91488       0.00000
     -10.90888       0.00000
     -10.90188       0.00000
     -10.89488       0.00000
     -10.88788       0.00000
     -10.88188       0.00000
     -10.87488       0.00000
     -10.86788       0.00000
     -10.86188       0.00000
     -10.85488       0.00000
     -10.84788       0.00000
     -10.84188       0.00000
     -10.83488       0.00000
     -10.82788       0.00000
     -10.82088       0.00000
     -10.81488       0.00000
     -10.80788       0.00000
     -10.80088       0.00000
     -10.79488       0.00000
     -10.78788       0.00000
     -10.78088       0.00000
     -10.77388       0.00000
     -10.76788       0.00000
     -10.76088       0.00000
     -10.75388       0.00000
     -10.74788       0.00000
     -10.74088       0.00000
     -10.73388       0.00000
     -10.72688       0.00000
     -10.72088       0.00000
     -10.71388       0.00000
     -10.70688       0.00000
     -10.70088       0.00000
     -10.69388       0.00000
     -10.68688       0.00000
     -10.68088       0.00000
     -10.67388       0.00000
     -10.66688       0.00000
     -10.65988       0.00000
     -10.65388       0.00000
     -10.64688       0.00000
     -10.63988       0.00000
     -10.63388       0.00000
     -10.62688       0.00000
     -10.61988       0.00000
     -10.61288       0.00000
     -10.60688       0.00000
     -10.59988       0.00000
     -10.59288       0.00000
     -10.58688       0.00000
     -10.57988       0.00000
     -10.57288       0.00000
     -10.56588       0.00000
     -10.55988       0.00000
     -10.55288       0.00000
     -10.54588       0.00000
     -10.53988       0.00000
     -10.53288       0.00000
     -10.52588       0.00000
     -10.51888       0.00000
     -10.51288       0.00000
     -10.50588       0.00000
     -10.49888       0.00000
     -10.49288       0.00000
     -10.48588       0.00000
     -10.47888       0.00000
     -10.47288       0.00000
     -10.46588       0.00000
     -10.45888       0.00000
     -10.45188       0.00000
     -10.44588       0.00000
     -10.43888       0.00000
     -10.43188       0.00000
     -10.42588       0.00000
     -10.41888       0.00000
     -10.41188       0.00000
     -10.40488       0.00000
     -10.39888       0.00000
     -10.39188       0.00000
     -10.38488       0.00000
     -10.37888       0.00000
     -10.37188       0.00000
     -10.36488       0.00000
     -10.35788       0.00000
     -10.35188       0.00000
     -10.34488       0.00000
     -10.33788       0.00000
     -10.33188       0.00000
     -10.32488       0.00000
     -10.31788       0.00000
     -10.31188       0.00000
     -10.30488       0.00000
     -10.29788       0.00000
     -10.29088       0.00000
     -10.28488       0.00000
     -10.27788       0.00000
     -10.27088       0.00000
     -10.26488       0.00000
     -10.25788       0.00000
     -10.25088       0.00000
     -10.24388       0.00000
     -10.23788       0.00000
     -10.23088       0.00000
     -10.22388       0.00000
     -10.21788       0.00000
     -10.21088       0.00000
     -10.20388       0.00000
     -10.19688       0.00000
     -10.19088       0.00000
     -10.18388       0.00000
     -10.17688       0.00000
     -10.17088       0.00000
     -10.16388       0.00000
     -10.15688       0.00000
     -10.15088       0.00000
     -10.14388       0.00000
     -10.13688       0.00000
     -10.12988       0.00000
     -10.12388       0.00000
     -10.11688       0.00000
     -10.10988       0.00000
     -10.10388       0.00000
     -10.09688       0.00000
     -10.08988       0.00000
     -10.08288       0.00000
     -10.07688       0.00000
     -10.06988       0.00000
     -10.06288       0.00000
     -10.05688       0.00000
     -10.04988       0.00000
     -10.04288       0.00000
     -10.03588       0.00000
     -10.02988       0.00000
     -10.02288       0.00000
     -10.01588       0.00000
     -10.00988       0.00000
     -10.00288       0.00000
      -9.99588       0.00000
      -9.98888       0.00000
      -9.98288       0.00000
      -9.97588       0.00000
      -9.96888       0.00000
      -9.96288       0.00000
      -9.95588       0.00000
      -9.94888       0.00000
      -9.94288       0.00000
      -9.93588       0.00000
      -9.92888       0.00000
      -9.92188       0.00000
      -9.91588       0.00000
      -9.90888       0.00000
      -9.90188       0.00000
      -9.89588       0.00000
      -9.88888       0.00000
      -9.88188       0.00000
      -9.87488       0.00000
      -9.86888       0.00000
      -9.86188       0.00000
      -9.85488       0.00000
      -9.84888       0.00000
      -9.84188       0.00000
      -9.83488       0.00000
      -9.82788       0.00000
      -9.82188       0.00000
      -9.81488       0.00000
      -9.80788       0.00000
      -9.80188       0.00000
      -9.79488       0.00000
      -9.78788       0.00000
      -9.78188       0.00000
      -9.77488       0.00000
      -9.76788       0.00000
      -9.76088       0.00000
      -9.75488       0.00000
      -9.74788       0.00000
      -9.74088       0.00000
      -9.73488       0.00000
      -9.72788       0.00000
      -9.72088       0.00000
      -9.71388       0.00000
      -9.70788       0.00000
      -9.70088       0.00000
      -9.69388       0.00000
      -9.68788       0.00000
      -9.68088       0.00000
      -9.67388       0.00000
      -9.66688       0.00000
      -9.66088       0.00000
      -9.65388       0.00000
      -9.64688       0.00000
      -9.64088       0.00000
      -9.63388       0.00000
      -9.62688       0.00000
      -9.62088       0.00000
      -9.61388       0.00000
      -9.60688       0.00000
      -9.59988       0.00000
      -9.59388       0.00000
      -9.58688       0.00000
      -9.57988       0.00000
      -9.57388       0.00000
      -9.56688       0.00000
      -9.55988       0.00000
      -9.55288       0.00000
      -9.54688       0.00000
      -9.53988       0.00000
      -9.53288       0.00000
      -9.52688       0.00000
      -9.51988       0.00000
      -9.51288       0.00000
      -9.50588       0.00000
      -9.49988       0.00000
      -9.49288       0.00000
      -9.48588       0.00000
      -9.47988       0.00000
      -9.47288       0.00000
      -9.46588       0.00000
      -9.45988       0.00000
      -9.45288       0.00000
      -9.44588       0.00000
      -9.43888       0.00000
      -9.43288       0.00000
      -9.42588       0.00000
      -9.41888       0.00000
      -9.41288       0.00000
      -9.40588       0.00000
      -9.39888       0.00000
      -9.39188       0.00000
      -9.38588       0.00000
      -9.37888       0.00000
      -9.37188       0.00000
      -9.36588       0.00000
      -9.35888       0.00000
      -9.35188       0.00000
      -9.34488       0.00000
      -9.33888       0.00000
      -9.33188       0.00000
      -9.32488       0.00000
      -9.31888       0.00000
      -9.31188       0.00000
      -9.30488       0.00000
      -9.29788       0.00000
      -9.29188       0.00000
      -9.28488       0.00000
      -9.27788       0.00000
      -9.27188       0.00000
      -9.26488       0.00000
      -9.25788       0.00000
      -9.25188       0.00000
      -9.24488       0.00000
      -9.23788       0.00000
      -9.23088       0.00000
      -9.22488       0.00000
      -9.21788       0.00000
      -9.21088       0.00000
      -9.20488       0.00000
      -9.19788       0.00000
      -9.19088       0.00000
      -9.18388       0.00000
      -9.17788       0.00000
      -9.17088       0.00000
      -9.16388       0.00000
      -9.15788       0.00000
      -9.15088       0.00000
      -9.14388       0.00000
      -9.13688       0.00000
      -9.13088       0.00000
      -9.12388       0.00000
      -9.11688       0.00000
      -9.11088       0.00000
      -9.10388       0.00000
      -9.09688       0.00000
      -9.09088       0.00000
      -9.08388       0.00000
      -9.07688       0.00000
      -9.06988       0.00000
      -9.06388       0.00000
      -9.05688       0.00000
      -9.04988       0.00000
      -9.04388       0.00000
      -9.03688       0.00000
      -9.02988       0.00000
      -9.02288       0.00000
      -9.01688       0.00000
      -9.00988       0.00000
      -9.00288       0.00000
      -8.99688       0.00000
      -8.98988       0.00000
      -8.98288       0.00000
      -8.97588       0.00000
      -8.96988       0.00000
      -8.96288       0.00000
      -8.95588       0.00000
      -8.94988       0.00000
      -8.94288       0.00000
      -8.93588       0.00000
      -8.92988       0.00000
      -8.92288       0.00000
      -8.91588       0.00000
      -8.90888       0.00000
      -8.90288       0.00000
      -8.89588       0.00000
      -8.88888       0.00000
      -8.88288       0.00000
      -8.87588       0.00000
      -8.86888       0.00000
      -8.86188       0.00000
      -8.85588       0.00000
      -8.84888       0.00000
      -8.84188       0.00000
      -8.83588       0.00000
      -8.82888       0.00000
      -8.82188       0.00000
      -8.81488       0.00000
      -8.80888       0.00000
      -8.80188       0.00000
      -8.79488       0.00000
      -8.78888       0.00000
      -8.78188       0.00000
      -8.77488       0.00000
      -8.76888       0.00000
      -8.76188       0.00000
      -8.75488       0.00000
      -8.74788       0.00000
      -8.74188       0.00000
      -8.73488       0.00000
      -8.72788       0.00000
      -8.72188       0.00000
      -8.71488       0.00000
      -8.70788       0.00000
      -8.70088       0.00000
      -8.69488       0.00000
      -8.68788       0.00000
      -8.68088       0.00000
      -8.67488       0.00000
      -8.66788       0.00000
      -8.66088       0.00000
      -8.65388       0.00000
      -8.64788       0.00000
      -8.64088       0.00000
      -8.63388       0.00000
      -8.62788       0.00000
      -8.62088       0.00000
      -8.61388       0.00000
      -8.60688       0.00000
      -8.60088       0.00000
      -8.59388       0.00000
      -8.58688       0.00000
      -8.58088       0.00000
      -8.57388       0.00000
      -8.56688       0.00000
      -8.56088       0.00000
      -8.55388       0.00000
      -8.54688       0.00000
      -8.53988       0.00000
      -8.53388       0.00000
      -8.52688       0.00000
      -8.51988       0.00000
      -8.51388       0.00000
      -8.50688       0.00000
      -8.49988       0.00000
      -8.49288       0.00000
      -8.48688       0.00000
      -8.47988       0.00000
      -8.47288       0.00000
      -8.46688       0.00000
      -8.45988       0.00000
      -8.45288       0.00000
      -8.44588       0.00000
      -8.43988       0.00000
      -8.43288       0.00000
      -8.42588       0.00000
      -8.41988       0.00000
      -8.41288       0.00000
      -8.40588       0.00000
      -8.39988       0.00000
      -8.39288       0.00000
      -8.38588       0.00000
      -8.37888       0.00000
      -8.37288       0.00000
      -8.36588       0.00000
      -8.35888       0.00000
      -8.35288       0.00000
      -8.34588       0.00000
      -8.33888       0.00000
      -8.33188       0.00000
      -8.32588       0.00000
      -8.31888       0.00000
      -8.31188       0.00000
      -8.30588       0.00000
      -8.29888       0.00000
      -8.29188       0.00000
      -8.28488       0.00000
      -8.27888       0.00000
      -8.27188       0.00000
      -8.26488       0.00000
      -8.25888       0.00000
      -8.25188       0.00000
      -8.24488       0.00000
      -8.23888       0.00000
      -8.23188       0.00000
      -8.22488       0.00000
      -8.21788       0.00000
      -8.21188       0.00000
      -8.20488       0.00000
      -8.19788       0.00000
      -8.19188       0.00000
      -8.18488       0.00000
      -8.17788       0.00000
      -8.17088       0.00000
      -8.16488       0.00000
      -8.15788       0.00000
      -8.15088       0.00000
      -8.14488       0.00000
      -8.13788       0.00000
      -8.13088       0.00000
      -8.12388       0.00000
      -8.11788       0.00000
      -8.11088       0.00000
      -8.10388       0.00000
      -8.09788       0.00000
      -8.09088       0.00000
      -8.08388       0.00000
      -8.07688       0.00000
      -8.07088       0.00000
      -8.06388       0.00000
      -8.05688       0.00000
      -8.05088       0.00000
      -8.04388       0.00000
      -8.03688       0.00000
      -8.03088       0.00000
      -8.02388       0.00000
      -8.01688       0.00000
      -8.00988       0.00000
      -8.00388       0.00000
      -7.99688       0.00000
      -7.98988       0.00000
      -7.98388       0.00000
      -7.97688       0.00000
      -7.96988       0.00000
      -7.96288       0.00000
      -7.95688       0.00000
      -7.94988       0.00000
      -7.94288       0.00000
      -7.93688       0.00000
      -7.92988       0.00000
      -7.92288       0.00000
      -7.91588       0.00000
      -7.90988       0.00000
      -7.90288       0.00000
      -7.89588       0.00000
      -7.88988       0.00000
      -7.88288       0.00000
      -7.87588       0.00000
      -7.86988       0.00000
      -7.86288       0.00000
      -7.85588       0.00000
      -7.84888       0.00000
      -7.84288       0.00000
      -7.83588       0.00000
      -7.82888       0.00000
      -7.82288       0.00000
      -7.81588       0.00000
      -7.80888       0.00000
      -7.80188       0.00000
      -7.79588       0.00000
      -7.78888       0.00000
      -7.78188       0.00000
      -7.77588       0.00000
      -7.76888       0.00000
      -7.76188       0.00000
      -7.75488       0.00000
      -7.74888       0.00000
      -7.74188       0.00000
      -7.73488       0.00000
      -7.72888       0.00000
      -7.72188       0.00000
      -7.71488       0.00000
      -7.70888       0.00000
      -7.70188       0.00000
      -7.69488       0.00000
      -7.68788       0.00000
      -7.68188       0.00000
      -7.67488       0.00000
      -7.66788       0.00000
      -7.66188       0.00000
      -7.65488       0.00000
      -7.64788       0.00000
      -7.64088       0.00000
      -7.63488       0.00000
      -7.62788       0.00000
      -7.62088       0.00000
      -7.61488       0.00000
      -7.60788       0.00000
      -7.60088       0.00000
      -7.59388       0.00000
      -7.58788       0.00000
      -7.58088       0.00000
      -7.57388       0.00000
      -7.56788       0.00000
      -7.56088       0.00000
      -7.55388       0.00000
      -7.54788       0.00000
      -7.54088       0.00000
      -7.53388       0.00000
      -7.52688       0.00000
      -7.52088       0.00000
      -7.51388       0.00000
      -7.50688       0.00000
      -7.50088       0.00000
      -7.49388       0.00000
      -7.48688       0.00000
      -7.47988       0.00000
      -7.47388       0.00000
      -7.46688       0.00000
      -7.45988       0.00000
      -7.45388       0.00000
      -7.44688       0.00000
      -7.43988       0.00000
      -7.43288       0.00000
      -7.42688       0.00000
      -7.41988       0.00000
      -7.41288       0.00000
      -7.40688       0.00000
      -7.39988       0.00000
      -7.39288       0.00000
      -7.38588       0.00000
      -7.37988       0.00000
      -7.37288       0.00000
      -7.36588       0.00000
      -7.35988       0.00000
      -7.35288       0.00000
      -7.34588       0.00000
      -7.33988       0.00000
      -7.33288       0.00000
      -7.32588       0.00000
      -7.31888       0.00000
      -7.31288       0.00000
      -7.30588       0.00000
      -7.29888       0.00000
      -7.29288       0.00000
      -7.28588       0.00000
      -7.27888       0.00000
      -7.27188       0.00000
      -7.26588       0.00000
      -7.25888       0.00000
      -7.25188       0.00000
      -7.24588       0.00000
      -7.23888       0.00000
      -7.23188       0.00000
      -7.22488       0.00000
      -7.21888       0.00000
      -7.21188       0.00000
      -7.20488       0.00000
      -7.19888       0.00000
      -7.19188       0.00000
      -7.18488       0.00000
      -7.17888       0.00000
      -7.17188       0.00000
      -7.16488       0.00000
      -7.15788       0.00000
      -7.15188       0.00000
      -7.14488       0.00000
      -7.13788       0.00000
      -7.13188       0.00000
      -7.12488       0.00000
      -7.11788       0.00000
      -7.11088       0.00000
      -7.10488       0.00000
      -7.09788       0.00000
      -7.09088       0.00000
      -7.08488       0.00000
      -7.07788       0.00000
      -7.07088       0.00000
      -7.06388       0.00000
      -7.05788       0.00000
      -7.05088       0.00000
      -7.04388       0.00000
      -7.03788       0.00000
      -7.03088       0.00000
      -7.02388       0.00000
      -7.01788       0.00000
      -7.01088       0.00000
      -7.00388       0.00000
      -6.99688       0.00000
      -6.99088       0.00000
      -6.98388       0.00000
      -6.97688       0.00000
      -6.97088       0.00000
      -6.96388       0.00000
      -6.95688       0.00000
      -6.94988       0.00000
      -6.94388       0.00000
      -6.93688       0.00000
      -6.92988       0.00000
      -6.92388       0.00000
      -6.91688       0.00000
      -6.90988       0.00000
      -6.90288       0.00000
      -6.89688       0.00000
      -6.88988       0.00000
      -6.88288       0.00000
      -6.87688       0.00000
      -6.86988       0.00000
      -6.86288       0.00000
      -6.85588       0.00000
      -6.84988       0.00000
      -6.84288       0.00000
      -6.83588       0.00000
      -6.82988       0.00000
      -6.82288       0.00000
      -6.81588       0.00000
      -6.80988       0.00000
      -6.80288       0.00000
      -6.79588       0.00000
      -6.78888       0.00000
      -6.78288       0.00000
      -6.77588       0.00000
      -6.76888       0.00000
      -6.76288       0.00000
      -6.75588       0.00000
      -6.74888       0.00000
      -6.74188       0.00000
      -6.73588       0.00000
      -6.72888       0.00000
      -6.72188       0.00000
      -6.71588       0.00000
      -6.70888       0.00000
      -6.70188       0.00000
      -6.69488       0.00000
      -6.68888       0.00000
      -6.68188       0.00000
      -6.67488       0.00000
      -6.66888       0.00000
      -6.66188       0.00000
      -6.65488       0.00000
      -6.64888       0.00000
      -6.64188       0.00000
      -6.63488       0.00000
      -6.62788       0.00000
      -6.62188       0.00000
      -6.61488       0.00000
      -6.60788       0.00000
      -6.60188       0.00000
      -6.59488       0.00000
      -6.58788       0.00001
      -6.58088       0.00001
      -6.57488       0.00003
      -6.56788       0.00006
      -6.56088       0.00013
      -6.55488       0.00026
      -6.54788       0.00051
      -6.54088       0.00095
      -6.53388       0.00171
      -6.52788       0.00302
      -6.52088       0.00517
      -6.51388       0.00859
      -6.50788       0.01390
      -6.50088       0.02190
      -6.49388       0.03360
      -6.48788       0.05026
      -6.48088       0.07333
      -6.47388       0.10440
      -6.46688       0.14510
      -6.46088       0.19700
      -6.45388       0.26110
      -6.44688       0.33800
      -6.44088       0.42750
      -6.43388       0.52800
      -6.42688       0.63720
      -6.41988       0.75130
      -6.41388       0.86580
      -6.40688       0.97590
      -6.39988       1.07700
      -6.39388       1.16400
      -6.38688       1.23500
      -6.37988       1.29000
      -6.37288       1.32700
      -6.36688       1.35000
      -6.35988       1.36100
      -6.35288       1.36400
      -6.34688       1.36000
      -6.33988       1.35300
      -6.33288       1.34100
      -6.32688       1.32400
      -6.31988       1.29900
      -6.31288       1.26300
      -6.30588       1.21300
      -6.29988       1.14900
      -6.29288       1.07000
      -6.28588       0.97970
      -6.27988       0.88180
      -6.27288       0.78290
      -6.26588       0.68990
      -6.25888       0.61000
      -6.25288       0.54930
      -6.24588       0.51290
      -6.23888       0.50340
      -6.23288       0.52180
      -6.22588       0.56680
      -6.21888       0.63600
      -6.21188       0.72590
      -6.20588       0.83340
      -6.19888       0.95640
      -6.19188       1.09500
      -6.18588       1.25200
      -6.17888       1.43300
      -6.17188       1.64500
      -6.16488       1.89900
      -6.15888       2.20100
      -6.15188       2.56000
      -6.14488       2.97600
      -6.13888       3.44600
      -6.13188       3.96000
      -6.12488       4.50500
      -6.11888       5.06100
      -6.11188       5.60700
      -6.10488       6.12200
      -6.09788       6.59000
      -6.09188       6.99600
      -6.08488       7.33100
      -6.07788       7.59000
      -6.07188       7.77500
      -6.06488       7.88800
      -6.05788       7.93500
      -6.05088       7.92200
      -6.04488       7.85300
      -6.03788       7.73100
      -6.03088       7.55900
      -6.02488       7.34000
      -6.01788       7.07400
      -6.01088       6.76500
      -6.00388       6.41700
      -5.99788       6.03800
      -5.99088       5.63600
      -5.98388       5.22300
      -5.97788       4.81400
      -5.97088       4.42200
      -5.96388       4.06600
      -5.95788       3.76000
      -5.95088       3.52100
      -5.94388       3.36300
      -5.93688       3.29200
      -5.93088       3.31200
      -5.92388       3.41600
      -5.91688       3.58900
      -5.91088       3.80800
      -5.90388       4.04500
      -5.89688       4.27100
      -5.88988       4.45600
      -5.88388       4.57700
      -5.87688       4.61900
      -5.86988       4.58100
      -5.86388       4.47000
      -5.85688       4.30300
      -5.84988       4.10800
      -5.84288       3.91500
      -5.83688       3.75600
      -5.82988       3.66000
      -5.82288       3.65200
      -5.81688       3.74800
      -5.80988       3.95900
      -5.80288       4.28300
      -5.79688       4.71000
      -5.78988       5.22000
      -5.78288       5.78800
      -5.77588       6.38100
      -5.76988       6.96500
      -5.76288       7.50600
      -5.75588       7.97500
      -5.74988       8.34800
      -5.74288       8.61000
      -5.73588       8.75900
      -5.72888       8.79800
      -5.72288       8.73900
      -5.71588       8.60100
      -5.70888       8.40200
      -5.70288       8.16400
      -5.69588       7.90500
      -5.68888       7.63900
      -5.68188       7.37700
      -5.67588       7.12700
      -5.66888       6.89200
      -5.66188       6.67600
      -5.65588       6.47900
      -5.64888       6.30200
      -5.64188       6.14600
      -5.63488       6.01200
      -5.62888       5.90000
      -5.62188       5.81300
      -5.61488       5.75100
      -5.60888       5.71600
      -5.60188       5.71100
      -5.59488       5.73800
      -5.58888       5.80200
      -5.58188       5.90600
      -5.57488       6.05300
      -5.56788       6.24600
      -5.56188       6.48700
      -5.55488       6.77700
      -5.54788       7.11300
      -5.54188       7.49400
      -5.53488       7.91800
      -5.52788       8.38000
      -5.52088       8.87700
      -5.51488       9.40700
      -5.50788       9.96600
      -5.50088      10.54000
      -5.49488      11.13000
      -5.48788      11.72000
      -5.48088      12.27000
      -5.47388      12.76000
      -5.46788      13.15000
      -5.46088      13.39000
      -5.45388      13.47000
      -5.44788      13.33000
      -5.44088      12.97000
      -5.43388      12.39000
      -5.42788      11.60000
      -5.42088      10.65000
      -5.41388       9.58100
      -5.40688       8.45100
      -5.40088       7.31700
      -5.39388       6.22800
      -5.38688       5.22500
      -5.38088       4.33400
      -5.37388       3.56600
      -5.36688       2.92200
      -5.35988       2.39200
      -5.35388       1.96200
      -5.34688       1.61300
      -5.33988       1.32900
      -5.33388       1.09300
      -5.32688       0.89580
      -5.31988       0.72740
      -5.31288       0.58290
      -5.30688       0.45910
      -5.29988       0.35410
      -5.29288       0.26670
      -5.28688       0.19570
      -5.27988       0.13970
      -5.27288       0.09679
      -5.26688       0.06506
      -5.25988       0.04238
      -5.25288       0.02674
      -5.24588       0.01636
      -5.23988       0.00975
      -5.23288       0.00577
      -5.22588       0.00361
      -5.21988       0.00280
      -5.21288       0.00319
      -5.20588       0.00496
      -5.19888       0.00866
      -5.19288       0.01533
      -5.18588       0.02655
      -5.17888       0.04458
      -5.17288       0.07241
      -5.16588       0.11370
      -5.15888       0.17270
      -5.15188       0.25360
      -5.14588       0.36040
      -5.13888       0.49570
      -5.13188       0.66010
      -5.12588       0.85140
      -5.11888       1.06500
      -5.11188       1.29100
      -5.10588       1.52000
      -5.09888       1.74000
      -5.09188       1.93700
      -5.08488       2.10100
      -5.07888       2.22400
      -5.07188       2.30400
      -5.06488       2.33900
      -5.05888       2.33400
      -5.05188       2.29700
      -5.04488       2.23700
      -5.03788       2.16300
      -5.03188       2.08400
      -5.02488       2.00600
      -5.01788       1.93500
      -5.01188       1.87200
      -5.00488       1.81600
      -4.99788       1.76600
      -4.99088       1.71700
      -4.98488       1.66300
      -4.97788       1.60200
      -4.97088       1.52700
      -4.96488       1.43600
      -4.95788       1.32800
      -4.95088       1.20500
      -4.94388       1.07000
      -4.93788       0.92810
      -4.93088       0.78480
      -4.92388       0.64640
      -4.91788       0.51860
      -4.91088       0.40570
      -4.90388       0.31100
      -4.89788       0.23600
      -4.89088       0.18100
      -4.88388       0.14570
      -4.87688       0.12880
      -4.87088       0.12920
      -4.86388       0.14550
      -4.85688       0.17660
      -4.85088       0.22180
      -4.84388       0.28050
      -4.83688       0.35310
      -4.82988       0.44090
      -4.82388       0.54700
      -4.81688       0.67620
      -4.80988       0.83570
      -4.80388       1.03400
      -4.79688       1.28300
      -4.78988       1.59100
      -4.78288       1.96800
      -4.77688       2.41700
      -4.76988       2.93600
      -4.76288       3.51800
      -4.75688       4.14700
      -4.74988       4.80200
      -4.74288       5.46000
      -4.73688       6.09500
      -4.72988       6.68900
      -4.72288       7.22400
      -4.71588       7.69000
      -4.70988       8.08200
      -4.70288       8.39900
      -4.69588       8.64100
      -4.68988       8.80700
      -4.68288       8.89500
      -4.67588       8.90200
      -4.66888       8.82400
      -4.66288       8.66200
      -4.65588       8.42100
      -4.64888       8.11100
      -4.64288       7.75200
      -4.63588       7.36800
      -4.62888       6.98700
      -4.62188       6.63500
      -4.61588       6.33900
      -4.60888       6.11600
      -4.60188       5.97800
      -4.59588       5.92600
      -4.58888       5.95700
      -4.58188       6.05900
      -4.57588       6.21900
      -4.56888       6.42500
      -4.56188       6.66700
      -4.55488       6.93500
      -4.54888       7.22700
      -4.54188       7.54100
      -4.53488       7.87700
      -4.52888       8.23600
      -4.52188       8.61500
      -4.51488       9.01200
      -4.50788       9.41700
      -4.50188       9.82000
      -4.49488      10.21000
      -4.48788      10.56000
      -4.48188      10.86000
      -4.47488      11.08000
      -4.46788      11.22000
      -4.46088      11.26000
      -4.45488      11.18000
      -4.44788      10.99000
      -4.44088      10.69000
      -4.43488      10.28000
      -4.42788       9.78100
      -4.42088       9.21300
      -4.41388       8.59900
      -4.40788       7.96500
      -4.40088       7.34000
      -4.39388       6.74700
      -4.38788       6.20800
      -4.38088       5.74100
      -4.37388       5.35700
      -4.36788       5.06300
      -4.36088       4.86400
      -4.35388       4.76000
      -4.34688       4.75200
      -4.34088       4.83900
      -4.33388       5.02100
      -4.32688       5.29700
      -4.32088       5.66300
      -4.31388       6.11300
      -4.30688       6.62900
      -4.29988       7.18800
      -4.29388       7.75600
      -4.28688       8.28900
      -4.27988       8.74000
      -4.27388       9.06500
      -4.26688       9.22200
      -4.25988       9.18900
      -4.25288       8.95600
      -4.24688       8.53500
      -4.23988       7.95300
      -4.23288       7.25000
      -4.22688       6.47300
      -4.21988       5.66900
      -4.21288       4.88200
      -4.20688       4.14500
      -4.19988       3.48200
      -4.19288       2.90600
      -4.18588       2.42400
      -4.17988       2.03300
      -4.17288       1.72500
      -4.16588       1.49200
      -4.15988       1.32100
      -4.15288       1.20300
      -4.14588       1.12600
      -4.13888       1.08300
      -4.13288       1.06600
      -4.12588       1.07100
      -4.11888       1.09500
      -4.11288       1.13400
      -4.10588       1.18700
      -4.09888       1.25300
      -4.09188       1.33000
      -4.08588       1.41600
      -4.07888       1.50800
      -4.07188       1.60300
      -4.06588       1.69500
      -4.05888       1.78000
      -4.05188       1.85100
      -4.04588       1.90500
      -4.03888       1.93800
      -4.03188       1.94800
      -4.02488       1.93800
      -4.01888       1.91200
      -4.01188       1.87700
      -4.00488       1.84100
      -3.99888       1.81200
      -3.99188       1.80100
      -3.98488       1.81400
      -3.97788       1.85900
      -3.97188       1.94500
      -3.96488       2.07700
      -3.95788       2.26300
      -3.95188       2.51000
      -3.94488       2.82300
      -3.93788       3.20900
      -3.93088       3.66800
      -3.92488       4.19700
      -3.91788       4.79000
      -3.91088       5.43200
      -3.90488       6.10200
      -3.89788       6.77800
      -3.89088       7.43200
      -3.88488       8.03800
      -3.87788       8.57500
      -3.87088       9.02500
      -3.86388       9.38400
      -3.85788       9.65400
      -3.85088       9.84900
      -3.84388       9.98900
      -3.83788      10.10000
      -3.83088      10.20000
      -3.82388      10.31000
      -3.81688      10.46000
      -3.81088      10.63000
      -3.80388      10.83000
      -3.79688      11.05000
      -3.79088      11.29000
      -3.78388      11.54000
      -3.77688      11.80000
      -3.76988      12.06000
      -3.76388      12.34000
      -3.75688      12.63000
      -3.74988      12.94000
      -3.74388      13.24000
      -3.73688      13.52000
      -3.72988      13.75000
      -3.72288      13.90000
      -3.71688      13.92000
      -3.70988      13.79000
      -3.70288      13.48000
      -3.69688      13.01000
      -3.68988      12.37000
      -3.68288      11.61000
      -3.67688      10.78000
      -3.66988       9.93800
      -3.66288       9.13500
      -3.65588       8.42800
      -3.64988       7.85900
      -3.64288       7.45200
      -3.63588       7.21600
      -3.62988       7.13900
      -3.62288       7.19200
      -3.61588       7.33900
      -3.60888       7.53200
      -3.60288       7.72900
      -3.59588       7.89200
      -3.58888       7.99300
      -3.58288       8.01800
      -3.57588       7.96400
      -3.56888       7.83700
      -3.56188       7.65100
      -3.55588       7.41900
      -3.54888       7.15400
      -3.54188       6.86700
      -3.53588       6.56500
      -3.52888       6.25300
      -3.52188       5.93600
      -3.51588       5.61500
      -3.50888       5.29400
      -3.50188       4.97500
      -3.49488       4.65800
      -3.48888       4.34300
      -3.48188       4.02900
      -3.47488       3.71200
      -3.46888       3.39200
      -3.46188       3.06800
      -3.45488       2.74300
      -3.44788       2.42100
      -3.44188       2.10900
      -3.43488       1.81600
      -3.42788       1.55200
      -3.42188       1.32300
      -3.41488       1.13600
      -3.40788       0.99190
      -3.40088       0.89060
      -3.39488       0.82930
      -3.38788       0.80340
      -3.38088       0.80890
      -3.37488       0.84280
      -3.36788       0.90410
      -3.36088       0.99430
      -3.35488       1.11700
      -3.34788       1.27500
      -3.34088       1.47400
      -3.33388       1.71500
      -3.32788       1.99600
      -3.32088       2.31200
      -3.31388       2.65600
      -3.30788       3.01400
      -3.30088       3.37400
      -3.29388       3.72100
      -3.28688       4.04100
      -3.28088       4.31700
      -3.27388       4.53800
      -3.26688       4.68900
      -3.26088       4.76200
      -3.25388       4.74700
      -3.24688       4.64300
      -3.23988       4.45300
      -3.23388       4.18400
      -3.22688       3.85300
      -3.21988       3.48100
      -3.21388       3.09100
      -3.20688       2.71100
      -3.19988       2.36300
      -3.19288       2.07100
      -3.18688       1.85000
      -3.17988       1.71400
      -3.17288       1.67000
      -3.16688       1.72200
      -3.15988       1.86800
      -3.15288       2.10300
      -3.14688       2.41700
      -3.13988       2.79100
      -3.13288       3.20400
      -3.12588       3.62500
      -3.11988       4.02300
      -3.11288       4.36400
      -3.10588       4.62200
      -3.09988       4.78100
      -3.09288       4.83600
      -3.08588       4.80000
      -3.07888       4.69800
      -3.07288       4.56600
      -3.06588       4.44300
      -3.05888       4.36500
      -3.05288       4.35900
      -3.04588       4.43400
      -3.03888       4.58200
      -3.03188       4.77900
      -3.02588       4.98800
      -3.01888       5.16700
      -3.01188       5.27400
      -3.00588       5.28000
      -2.99888       5.16600
      -2.99188       4.93300
      -2.98588       4.59400
      -2.97888       4.17500
      -2.97188       3.70700
      -2.96488       3.22200
      -2.95888       2.74600
      -2.95188       2.30200
      -2.94488       1.90200
      -2.93888       1.55200
      -2.93188       1.25400
      -2.92488       1.00300
      -2.91788       0.79620
      -2.91188       0.62660
      -2.90488       0.48910
      -2.89788       0.37860
      -2.89188       0.29060
      -2.88488       0.22130
      -2.87788       0.16750
      -2.87088       0.12660
      -2.86488       0.09628
      -2.85788       0.07489
      -2.85088       0.06098
      -2.84488       0.05338
      -2.83788       0.05105
      -2.83088       0.05303
      -2.82488       0.05842
      -2.81788       0.06637
      -2.81088       0.07626
      -2.80388       0.08783
      -2.79788       0.10160
      -2.79088       0.11900
      -2.78388       0.14310
      -2.77788       0.17900
      -2.77088       0.23380
      -2.76388       0.31710
      -2.75688       0.44080
      -2.75088       0.61810
      -2.74388       0.86230
      -2.73688       1.18500
      -2.73088       1.59400
      -2.72388       2.09000
      -2.71688       2.66600
      -2.70988       3.30100
      -2.70388       3.96600
      -2.69688       4.62500
      -2.68988       5.23300
      -2.68388       5.75000
      -2.67688       6.14300
      -2.66988       6.39200
      -2.66388       6.49900
      -2.65688       6.48800
      -2.64988       6.40400
      -2.64288       6.31100
      -2.63688       6.27900
      -2.62988       6.38200
      -2.62288       6.68300
      -2.61688       7.22400
      -2.60988       8.02100
      -2.60288       9.05700
      -2.59588      10.28000
      -2.58988      11.62000
      -2.58288      12.96000
      -2.57588      14.21000
      -2.56988      15.27000
      -2.56288      16.05000
      -2.55588      16.50000
      -2.54888      16.60000
      -2.54288      16.39000
      -2.53588      15.91000
      -2.52888      15.25000
      -2.52288      14.49000
      -2.51588      13.74000
      -2.50888      13.06000
      -2.50188      12.53000
      -2.49588      12.17000
      -2.48888      12.01000
      -2.48188      12.02000
      -2.47588      12.18000
      -2.46888      12.45000
      -2.46188      12.76000
      -2.45588      13.06000
      -2.44888      13.30000
      -2.44188      13.42000
      -2.43488      13.39000
      -2.42888      13.19000
      -2.42188      12.81000
      -2.41488      12.28000
      -2.40888      11.60000
      -2.40188      10.84000
      -2.39488      10.03000
      -2.38788       9.22200
      -2.38188       8.46200
      -2.37488       7.78500
      -2.36788       7.21700
      -2.36188       6.76900
      -2.35488       6.44100
      -2.34788       6.21900
      -2.34088       6.08600
      -2.33488       6.01400
      -2.32788       5.97900
      -2.32088       5.95400
      -2.31488       5.91800
      -2.30788       5.85500
      -2.30088       5.75500
      -2.29488       5.61600
      -2.28788       5.44200
      -2.28088       5.24200
      -2.27388       5.02700
      -2.26788       4.81000
      -2.26088       4.60300
      -2.25388       4.41400
      -2.24788       4.24800
      -2.24088       4.10300
      -2.23388       3.97700
      -2.22688       3.86000
      -2.22088       3.74600
      -2.21388       3.62600
      -2.20688       3.49800
      -2.20088       3.36000
      -2.19388       3.21800
      -2.18688       3.07900
      -2.17988       2.95400
      -2.17388       2.85200
      -2.16688       2.77900
      -2.15988       2.73800
      -2.15388       2.72200
      -2.14688       2.72400
      -2.13988       2.72800
      -2.13388       2.72000
      -2.12688       2.68600
      -2.11988       2.61800
      -2.11288       2.51000
      -2.10688       2.36700
      -2.09988       2.19400
      -2.09288       2.00300
      -2.08688       1.80600
      -2.07988       1.61600
      -2.07288       1.44400
      -2.06588       1.29900
      -2.05988       1.19000
      -2.05288       1.12100
      -2.04588       1.09800
      -2.03988       1.12300
      -2.03288       1.19900
      -2.02588       1.32900
      -2.01888       1.51300
      -2.01288       1.75000
      -2.00588       2.03800
      -1.99888       2.37000
      -1.99288       2.73800
      -1.98588       3.12700
      -1.97888       3.52300
      -1.97188       3.90900
      -1.96588       4.26900
      -1.95888       4.58800
      -1.95188       4.85800
      -1.94588       5.07300
      -1.93888       5.23600
      -1.93188       5.35500
      -1.92588       5.44300
      -1.91888       5.51800
      -1.91188       5.59700
      -1.90488       5.70000
      -1.89888       5.84400
      -1.89188       6.03800
      -1.88488       6.29100
      -1.87888       6.59800
      -1.87188       6.94900
      -1.86488       7.32100
      -1.85788       7.68700
      -1.85188       8.01200
      -1.84488       8.26000
      -1.83788       8.39800
      -1.83188       8.39800
      -1.82488       8.24600
      -1.81788       7.94000
      -1.81088       7.49100
      -1.80488       6.92600
      -1.79788       6.28100
      -1.79088       5.59900
      -1.78488       4.92300
      -1.77788       4.29400
      -1.77088       3.74400
      -1.76488       3.29500
      -1.75788       2.95600
      -1.75088       2.72700
      -1.74388       2.59700
      -1.73788       2.54800
      -1.73088       2.55700
      -1.72388       2.60200
      -1.71788       2.65900
      -1.71088       2.71300
      -1.70388       2.75000
      -1.69688       2.76700
      -1.69088       2.76600
      -1.68388       2.75400
      -1.67688       2.74500
      -1.67088       2.75400
      -1.66388       2.79400
      -1.65688       2.87500
      -1.64988       3.00300
      -1.64388       3.17800
      -1.63688       3.39300
      -1.62988       3.63300
      -1.62388       3.88200
      -1.61688       4.12100
      -1.60988       4.33000
      -1.60388       4.49500
      -1.59688       4.60200
      -1.58988       4.64400
      -1.58288       4.62100
      -1.57688       4.53900
      -1.56988       4.41000
      -1.56288       4.24900
      -1.55688       4.07900
      -1.54988       3.92000
      -1.54288       3.79500
      -1.53588       3.72400
      -1.52988       3.72300
      -1.52288       3.80600
      -1.51588       3.98100
      -1.50988       4.25100
      -1.50288       4.61700
      -1.49588       5.07700
      -1.48888       5.62400
      -1.48288       6.24300
      -1.47588       6.91700
      -1.46888       7.61500
      -1.46288       8.30000
      -1.45588       8.92600
      -1.44888       9.44200
      -1.44288       9.80200
      -1.43588       9.96700
      -1.42888       9.91600
      -1.42188       9.64800
      -1.41588       9.18700
      -1.40888       8.57600
      -1.40188       7.87300
      -1.39588       7.14400
      -1.38888       6.44900
      -1.38188       5.83800
      -1.37488       5.34600
      -1.36888       4.98800
      -1.36188       4.76400
      -1.35488       4.66000
      -1.34888       4.65300
      -1.34188       4.71600
      -1.33488       4.82100
      -1.32788       4.94200
      -1.32188       5.05500
      -1.31488       5.14300
      -1.30788       5.18800
      -1.30188       5.18100
      -1.29488       5.11300
      -1.28788       4.98300
      -1.28088       4.79200
      -1.27488       4.54700
      -1.26788       4.25900
      -1.26088       3.94100
      -1.25488       3.61100
      -1.24788       3.28700
      -1.24088       2.99000
      -1.23488       2.74300
      -1.22788       2.56700
      -1.22088       2.48800
      -1.21388       2.52600
      -1.20788       2.70300
      -1.20088       3.03400
      -1.19388       3.52900
      -1.18788       4.19100
      -1.18088       5.00900
      -1.17388       5.96200
      -1.16688       7.01700
      -1.16088       8.12700
      -1.15388       9.23800
      -1.14688      10.29000
      -1.14088      11.23000
      -1.13388      12.01000
      -1.12688      12.57000
      -1.11988      12.90000
      -1.11388      12.97000
      -1.10688      12.79000
      -1.09988      12.36000
      -1.09388      11.70000
      -1.08688      10.86000
      -1.07988       9.86100
      -1.07388       8.76000
      -1.06688       7.60400
      -1.05988       6.44400
      -1.05288       5.32800
      -1.04688       4.29600
      -1.03988       3.37800
      -1.03288       2.59400
      -1.02688       1.95100
      -1.01988       1.44800
      -1.01288       1.07100
      -1.00588       0.80490
      -0.99988       0.62940
      -0.99288       0.52470
      -0.98588       0.47260
      -0.97988       0.45760
      -0.97288       0.46750
      -0.96588       0.49310
      -0.95888       0.52740
      -0.95288       0.56540
      -0.94588       0.60310
      -0.93888       0.63680
      -0.93288       0.66350
      -0.92588       0.68070
      -0.91888       0.68690
      -0.91288       0.68210
      -0.90588       0.66820
      -0.89888       0.64940
      -0.89188       0.63200
      -0.88588       0.62430
      -0.87888       0.63550
      -0.87188       0.67490
      -0.86588       0.75120
      -0.85888       0.87110
      -0.85188       1.03800
      -0.84488       1.25200
      -0.83888       1.51000
      -0.83188       1.80100
      -0.82488       2.11500
      -0.81888       2.43700
      -0.81188       2.75100
      -0.80488       3.04200
      -0.79788       3.29700
      -0.79188       3.50700
      -0.78488       3.66400
      -0.77788       3.76600
      -0.77188       3.81100
      -0.76488       3.80200
      -0.75788       3.73900
      -0.75088       3.62500
      -0.74488       3.46400
      -0.73788       3.26000
      -0.73088       3.01800
      -0.72488       2.74800
      -0.71788       2.46000
      -0.71088       2.16500
      -0.70488       1.87700
      -0.69788       1.60800
      -0.69088       1.36900
      -0.68388       1.16800
      -0.67788       1.00900
      -0.67088       0.89160
      -0.66388       0.81310
      -0.65788       0.76760
      -0.65088       0.74800
      -0.64388       0.74730
      -0.63688       0.75920
      -0.63088       0.77960
      -0.62388       0.80590
      -0.61688       0.83750
      -0.61088       0.87500
      -0.60388       0.91930
      -0.59688       0.97100
      -0.58988       1.03000
      -0.58388       1.09600
      -0.57688       1.16600
      -0.56988       1.23800
      -0.56388       1.30800
      -0.55688       1.37300
      -0.54988       1.42600
      -0.54388       1.46500
      -0.53688       1.48300
      -0.52988       1.47800
      -0.52288       1.44500
      -0.51688       1.38500
      -0.50988       1.29900
      -0.50288       1.19000
      -0.49688       1.06400
      -0.48988       0.92960
      -0.48288       0.79340
      -0.47588       0.66270
      -0.46988       0.54340
      -0.46288       0.43910
      -0.45588       0.35180
      -0.44988       0.28110
      -0.44288       0.22560
      -0.43588       0.18280
      -0.42888       0.14990
      -0.42288       0.12450
      -0.41588       0.10480
      -0.40888       0.08924
      -0.40288       0.07728
      -0.39588       0.06860
      -0.38888       0.06315
      -0.38288       0.06091
      -0.37588       0.06171
      -0.36888       0.06517
      -0.36188       0.07065
      -0.35588       0.07733
      -0.34888       0.08430
      -0.34188       0.09073
      -0.33588       0.09599
      -0.32888       0.09974
      -0.32188       0.10200
      -0.31488       0.10320
      -0.30888       0.10390
      -0.30188       0.10490
      -0.29488       0.10690
      -0.28888       0.11030
      -0.28188       0.11540
      -0.27488       0.12220
      -0.26788       0.13030
      -0.26188       0.13930
      -0.25488       0.14840
      -0.24788       0.15700
      -0.24188       0.16440
      -0.23488       0.17010
      -0.22788       0.17330
      -0.22188       0.17370
      -0.21488       0.17090
      -0.20788       0.16470
      -0.20088       0.15530
      -0.19488       0.14300
      -0.18788       0.12830
      -0.18088       0.11210
      -0.17488       0.09516
      -0.16788       0.07844
      -0.16088       0.06272
      -0.15388       0.04861
      -0.14788       0.03650
      -0.14088       0.02653
      -0.13388       0.01867
      -0.12788       0.01270
      -0.12088       0.00836
      -0.11388       0.00532
      -0.10688       0.00328
      -0.10088       0.00195
      -0.09388       0.00112
      -0.08688       0.00062
      -0.08088       0.00034
      -0.07388       0.00017
      -0.06688       0.00009
      -0.05988       0.00004
      -0.05388       0.00002
      -0.04688       0.00001
      -0.03988       0.00000
      -0.03388       0.00000
      -0.02688       0.00000
      -0.01988       0.00000
      -0.01388       0.00000
      -0.00688       0.00000
       0.00012       0.00000
       0.00712       0.00000
       0.01312       0.00000
       0.02012       0.00000
       0.02712       0.00000
       0.03312       0.00000
       0.04012       0.00000
       0.04712       0.00000
       0.05412       0.00000
       0.06012       0.00000
       0.06712       0.00000
       0.07412       0.00000
       0.08012       0.00000
       0.08712       0.00000
       0.09412       0.00000
       0.10112       0.00000
       0.10712       0.00000
       0.11412       0.00000
       0.12112       0.00000
       0.12712       0.00000
       0.13412       0.00000
       0.14112       0.00000
       0.14712       0.00000
       0.15412       0.00000
       0.16112       0.00000
       0.16812       0.00000
       0.17412       0.00000
       0.18112       0.00000
       0.18812       0.00000
       0.19412       0.00000
       0.20112       0.00000
       0.20812       0.00000
       0.21512       0.00000
       0.22112       0.00000
       0.22812       0.00000
       0.23512       0.00000
       0.24112       0.00000
       0.24812       0.00000
       0.25512       0.00000
       0.26212       0.00000
       0.26812       0.00000
       0.27512       0.00000
       0.28212       0.00000
       0.28812       0.00000
       0.29512       0.00000
       0.30212       0.00000
       0.30812       0.00000
       0.31512       0.00000
       0.32212       0.00000
       0.32912       0.00000
       0.33512       0.00000
       0.34212       0.00000
       0.34912       0.00000
       0.35512       0.00000
       0.36212       0.00000
       0.36912       0.00000
       0.37612       0.00000
       0.38212       0.00000
       0.38912       0.00000
       0.39612       0.00000
       0.40212       0.00000
       0.40912       0.00000
       0.41612       0.00000
       0.42312       0.00000
       0.42912       0.00000
       0.43612       0.00000
       0.44312       0.00000
       0.44912       0.00000
       0.45612       0.00000
       0.46312       0.00000
       0.47012       0.00000
       0.47612       0.00000
       0.48312       0.00000
       0.49012       0.00000
       0.49612       0.00000
       0.50312       0.00000
       0.51012       0.00000
       0.51612       0.00000
       0.52312       0.00000
       0.53012       0.00000
       0.53712       0.00000
       0.54312       0.00000
       0.55012       0.00000
       0.55712       0.00000
       0.56312       0.00000
       0.57012       0.00000
       0.57712       0.00000
       0.58412       0.00000
       0.59012       0.00000
       0.59712       0.00000
       0.60412       0.00000
       0.61012       0.00000
       0.61712       0.00000
       0.62412       0.00000
       0.63112       0.00000
       0.63712       0.00000
       0.64412       0.00000
       0.65112       0.00000
       0.65712       0.00000
       0.66412       0.00000
       0.67112       0.00000
       0.67712       0.00000
       0.68412       0.00000
       0.69112       0.00000
       0.69812       0.00000
       0.70412       0.00000
       0.71112       0.00000
       0.71812       0.00000
       0.72412       0.00000
       0.73112       0.00000
       0.73812       0.00000
       0.74512       0.00000
       0.75112       0.00000
       0.75812       0.00000
       0.76512       0.00000
       0.77112       0.00000
       0.77812       0.00000
       0.78512       0.00000
       0.79212       0.00000
       0.79812       0.00000
       0.80512       0.00000
       0.81212       0.00000
       0.81812       0.00000
       0.82512       0.00000
       0.83212       0.00000
       0.83812       0.00000
       0.84512       0.00000
       0.85212       0.00000
       0.85912       0.00000
       0.86512       0.00000
       0.87212       0.00000
       0.87912       0.00000
       0.88512       0.00000
       0.89212       0.00000
       0.89912       0.00000
       0.90612       0.00000
       0.91212       0.00000
       0.91912       0.00000
       0.92612       0.00000
       0.93212       0.00000
       0.93912       0.00000
       0.94612       0.00000
       0.95312       0.00000
       0.95912       0.00000
       0.96612       0.00000
       0.97312       0.00000
       0.97912       0.00000
       0.98612       0.00001
       0.99312       0.00002
       0.99912       0.00004
       1.00612       0.00009
       1.01312       0.00022
       1.02012       0.00049
       1.02612       0.00107
       1.03312       0.00226
       1.04012       0.00462
       1.04612       0.00912
       1.05312       0.01740
       1.06012       0.03206
       1.06712       0.05709
       1.07312       0.09826
       1.08012       0.16350
       1.08712       0.26280
       1.09312       0.40860
       1.10012       0.61390
       1.10712       0.89190
       1.11412       1.25300
       1.12012       1.70200
       1.12712       2.23700
       1.13412       2.84300
       1.14012       3.49700
       1.14712       4.16400
       1.15412       4.80000
       1.16112       5.36000
       1.16712       5.80300
       1.17412       6.09400
       1.18112       6.21500
       1.18712       6.16400
       1.19412       5.95700
       1.20112       5.62200
       1.20712       5.20000
       1.21412       4.73400
       1.22112       4.26800
       1.22812       3.83800
       1.23412       3.47000
       1.24112       3.18200
       1.24812       2.97800
       1.25412       2.85400
       1.26112       2.79900
       1.26812       2.79800
       1.27512       2.83200
       1.28112       2.88600
       1.28812       2.94800
       1.29512       3.01000
       1.30112       3.06900
       1.30812       3.12700
       1.31512       3.18800
       1.32212       3.25700
       1.32812       3.34100
       1.33512       3.43900
       1.34212       3.55000
       1.34812       3.66600
       1.35512       3.77600
       1.36212       3.86800
       1.36812       3.93200
       1.37512       3.96100
       1.38212       3.95600
       1.38912       3.92400
       1.39512       3.87900
       1.40212       3.84000
       1.40912       3.82800
       1.41512       3.86300
       1.42212       3.96100
       1.42912       4.13400
       1.43612       4.39000
       1.44212       4.73300
       1.44912       5.16600
       1.45612       5.69300
       1.46212       6.31200
       1.46912       7.02400
       1.47612       7.82000
       1.48312       8.68700
       1.48912       9.60100
       1.49612      10.53000
       1.50312      11.42000
       1.50912      12.24000
       1.51612      12.94000
       1.52312      13.46000
       1.52912      13.80000
       1.53612      13.92000
       1.54312      13.83000
       1.55012      13.55000
       1.55612      13.11000
       1.56312      12.56000
       1.57012      11.93000
       1.57612      11.27000
       1.58312      10.62000
       1.59012      10.00000
       1.59712       9.44400
       1.60312       8.94500
       1.61012       8.50600
       1.61712       8.12200
       1.62312       7.78400
       1.63012       7.48400
       1.63712       7.21800
       1.64412       6.98100
       1.65012       6.77400
       1.65712       6.59700
       1.66412       6.45300
       1.67012       6.34500
       1.67712       6.27600
       1.68412       6.25200
       1.69012       6.27900
       1.69712       6.36300
       1.70412       6.51300
       1.71112       6.73600
       1.71712       7.03600
       1.72412       7.41500
       1.73112       7.86800
       1.73712       8.38300
       1.74412       8.94200
       1.75112       9.52100
       1.75812      10.09000
       1.76412      10.62000
       1.77112      11.08000
       1.77812      11.44000
       1.78412      11.68000
       1.79112      11.78000
       1.79812      11.73000
       1.80512      11.54000
       1.81112      11.23000
       1.81812      10.81000
       1.82512      10.32000
       1.83112       9.79300
       1.83812       9.24900
       1.84512       8.71600
       1.85212       8.21000
       1.85812       7.73700
       1.86512       7.29600
       1.87212       6.88400
       1.87812       6.49100
       1.88512       6.11300
       1.89212       5.75000
       1.89812       5.41000
       1.90512       5.10700
       1.91212       4.86300
       1.91912       4.70200
       1.92512       4.65300
       1.93212       4.74400
       1.93912       4.99700
       1.94512       5.43100
       1.95212       6.05100
       1.95912       6.85300
       1.96612       7.81500
       1.97212       8.89700
       1.97912      10.05000
       1.98612      11.19000
       1.99212      12.26000
       1.99912      13.19000
       2.00612      13.92000
       2.01312      14.41000
       2.01912      14.64000
       2.02612      14.64000
       2.03312      14.42000
       2.03912      14.05000
       2.04612      13.59000
       2.05312      13.08000
       2.05912      12.59000
       2.06612      12.17000
       2.07312      11.84000
       2.08012      11.62000
       2.08612      11.51000
       2.09312      11.51000
       2.10012      11.59000
       2.10612      11.71000
       2.11312      11.85000
       2.12012      11.96000
       2.12712      12.00000
       2.13312      11.94000
       2.14012      11.74000
       2.14712      11.40000
       2.15312      10.92000
       2.16012      10.30000
       2.16712       9.57200
       2.17412       8.76500
       2.18012       7.91700
       2.18712       7.06900
       2.19412       6.25800
       2.20012       5.51600
       2.20712       4.86800
       2.21412       4.32800
       2.22012       3.90100
       2.22712       3.58500
       2.23412       3.37000
       2.24112       3.24100
       2.24712       3.18300
       2.25412       3.17800
       2.26112       3.21300
       2.26712       3.27300
       2.27412       3.35000
       2.28112       3.43600
       2.28812       3.52600
       2.29412       3.61800
       2.30112       3.70800
       2.30812       3.79600
       2.31412       3.88100
       2.32112       3.95900
       2.32812       4.02900
       2.33512       4.08800
       2.34112       4.13200
       2.34812       4.16000
       2.35512       4.17000
       2.36112       4.16300
       2.36812       4.14100
       2.37512       4.10700
       2.38212       4.06600
       2.38812       4.02200
       2.39512       3.97700
       2.40212       3.93500
       2.40812       3.90000
       2.41512       3.87300
       2.42212       3.85900
       2.42812       3.86200
       2.43512       3.88400
       2.44212       3.93100
       2.44912       4.00200
       2.45512       4.09900
       2.46212       4.21600
       2.46912       4.34900
       2.47512       4.48900
       2.48212       4.62700
       2.48912       4.75200
       2.49612       4.85500
       2.50212       4.92500
       2.50912       4.95700
       2.51612       4.94300
       2.52212       4.88200
       2.52912       4.77300
       2.53612       4.61700
       2.54312       4.42000
       2.54912       4.18800
       2.55612       3.93200
       2.56312       3.66600
       2.56912       3.40600
       2.57612       3.16800
       2.58312       2.97100
       2.58912       2.83200
       2.59612       2.76600
       2.60312       2.78100
       2.61012       2.88100
       2.61612       3.06100
       2.62312       3.30800
       2.63012       3.60300
       2.63612       3.92200
       2.64312       4.23700
       2.65012       4.52300
       2.65712       4.75400
       2.66312       4.91400
       2.67012       4.99300
       2.67712       4.99000
       2.68312       4.91300
       2.69012       4.77700
       2.69712       4.60200
       2.70412       4.40800
       2.71012       4.21500
       2.71712       4.04000
       2.72412       3.89300
       2.73012       3.77800
       2.73712       3.69600
       2.74412       3.64000
       2.75012       3.60200
       2.75712       3.57300
       2.76412       3.54400
       2.77112       3.50600
       2.77712       3.45700
       2.78412       3.39300
       2.79112       3.31500
       2.79712       3.22400
       2.80412       3.12200
       2.81112       3.01100
       2.81812       2.89300
       2.82412       2.77000
       2.83112       2.64300
       2.83812       2.51500
       2.84412       2.39100
       2.85112       2.27500
       2.85812       2.17500
       2.86512       2.09400
       2.87112       2.03500
       2.87812       1.99700
       2.88512       1.97800
       2.89112       1.97200
       2.89812       1.97300
       2.90512       1.97400
       2.91112       1.97100
       2.91812       1.96100
       2.92512       1.94500
       2.93212       1.92400
       2.93812       1.90200
       2.94512       1.88300
       2.95212       1.86900
       2.95812       1.86500
       2.96512       1.87400
       2.97212       1.89900
       2.97912       1.94200
       2.98512       2.00600
       2.99212       2.08800
       2.99912       2.18800
       3.00512       2.29800
       3.01212       2.41200
       3.01912       2.52300
       3.02612       2.62400
       3.03212       2.71100
       3.03912       2.78400
       3.04612       2.84600
       3.05212       2.90200
       3.05912       2.95800
       3.06612       3.01900
       3.07312       3.08500
       3.07912       3.15400
       3.08612       3.21900
       3.09312       3.26800
       3.09912       3.28900
       3.10612       3.27100
       3.11312       3.20500
       3.11912       3.08800
       3.12612       2.92000
       3.13312       2.70900
       3.14012       2.46800
       3.14612       2.21100
       3.15312       1.95400
       3.16012       1.71200
       3.16612       1.49600
       3.17312       1.31500
       3.18012       1.17300
       3.18712       1.06800
       3.19312       0.99750
       3.20012       0.95670
       3.20712       0.93990
       3.21312       0.94210
       3.22012       0.95860
       3.22712       0.98590
       3.23412       1.02100
       3.24012       1.05900
       3.24712       1.09700
       3.25412       1.13000
       3.26012       1.15200
       3.26712       1.15800
       3.27412       1.14400
       3.28012       1.10800
       3.28712       1.04900
       3.29412       0.97090
       3.30112       0.87840
       3.30712       0.77840
       3.31412       0.67820
       3.32112       0.58470
       3.32712       0.50330
       3.33412       0.43740
       3.34112       0.38780
       3.34812       0.35340
       3.35412       0.33130
       3.36112       0.31750
       3.36812       0.30780
       3.37412       0.29850
       3.38112       0.28680
       3.38812       0.27150
       3.39512       0.25260
       3.40112       0.23140
       3.40812       0.21020
       3.41512       0.19160
       3.42112       0.17790
       3.42812       0.17120
       3.43512       0.17220
       3.44112       0.18100
       3.44812       0.19630
       3.45512       0.21630
       3.46212       0.23830
       3.46812       0.25990
       3.47512       0.27880
       3.48212       0.29350
       3.48812       0.30370
       3.49512       0.31000
       3.50212       0.31400
       3.50912       0.31750
       3.51512       0.32260
       3.52212       0.33060
       3.52912       0.34200
       3.53512       0.35610
       3.54212       0.37120
       3.54912       0.38480
       3.55612       0.39410
       3.56212       0.39650
       3.56912       0.39040
       3.57612       0.37470
       3.58212       0.35010
       3.58912       0.31770
       3.59612       0.27990
       3.60312       0.23930
       3.60912       0.19830
       3.61612       0.15930
       3.62312       0.12400
       3.62912       0.09354
       3.63612       0.06836
       3.64312       0.04838
       3.64912       0.03316
       3.65612       0.02201
       3.66312       0.01414
       3.67012       0.00879
       3.67612       0.00529
       3.68312       0.00308
       3.69012       0.00173
       3.69612       0.00094
       3.70312       0.00050
       3.71012       0.00025
       3.71712       0.00012
       3.72312       0.00006
       3.73012       0.00003
       3.73712       0.00001
       3.74312       0.00001
       3.75012       0.00000
       3.75712       0.00000
       3.76412       0.00000
       3.77012       0.00000
       3.77712       0.00000
       3.78412       0.00000
       3.79012       0.00000
       3.79712       0.00000
       3.80412       0.00000
       3.81012       0.00000
       3.81712       0.00000
       3.82412       0.00000
       3.83112       0.00000
       3.83712       0.00000
       3.84412       0.00000
       3.85112       0.00000
       3.85712       0.00000
       3.86412       0.00000
       3.87112       0.00000
       3.87812       0.00000
       3.88412       0.00000
       3.89112       0.00000
       3.89812       0.00000
       3.90412       0.00000
       3.91112       0.00000
       3.91812       0.00000
       3.92512       0.00000
       3.93112       0.00000
       3.93812       0.00000
       3.94512       0.00000
       3.95112       0.00000
       3.95812       0.00000
       3.96512       0.00000
       3.97112       0.00000
       3.97812       0.00000
       3.98512       0.00000
       3.99212       0.00000
       3.99812       0.00000
       4.00512       0.00000
       4.01212       0.00000
       4.01812       0.00000
       4.02512       0.00000
       4.03212       0.00000
       4.03912       0.00000
       4.04512       0.00000
       4.05212       0.00000
       4.05912       0.00000
       4.06512       0.00000
       4.07212       0.00000
       4.07912       0.00000
       4.08612       0.00000
       4.09212       0.00000
       4.09912       0.00000
       4.10612       0.00000
       4.11212       0.00000
       4.11912       0.00000
       4.12612       0.00000
       4.13212       0.00000
       4.13912       0.00000
       4.14612       0.00000
       4.15312       0.00000
       4.15912       0.00000
       4.16612       0.00000
       4.17312       0.00000
       4.17912       0.00000
       4.18612       0.00000
       4.19312       0.00000
       4.20012       0.00000
       4.20612       0.00000
       4.21312       0.00000
       4.22012       0.00000
       4.22612       0.00000
       4.23312       0.00000
       4.24012       0.00000
       4.24712       0.00000
       4.25312       0.00000
       4.26012       0.00000
       4.26712       0.00000
       4.27312       0.00000
       4.28012       0.00000
       4.28712       0.00000
       4.29412       0.00000
       4.30012       0.00000
       4.30712       0.00000
       4.31412       0.00000
       4.32012       0.00000
       4.32712       0.00000
       4.33412       0.00000
       4.34012       0.00000
       4.34712       0.00000
       4.35412       0.00000
       4.36112       0.00000
       4.36712       0.00000
       4.37412       0.00000
       4.38112       0.00000
       4.38712       0.00000
       4.39412       0.00000
       4.40112       0.00000
       4.40812       0.00000
       4.41412       0.00000
       4.42112       0.00000
       4.42812       0.00000
       4.43412       0.00000
       4.44112       0.00000
       4.44812       0.00000
       4.45512       0.00000
       4.46112       0.00000
       4.46812       0.00000
       4.47512       0.00000
       4.48112       0.00000
       4.48812       0.00000
       4.49512       0.00000
