      #Energy        TDOS
     -14.38719       0.00000
     -14.37719       0.00000
     -14.36719       0.00000
     -14.35719       0.00000
     -14.34719       0.00000
     -14.33719       0.00000
     -14.32619       0.00000
     -14.31619       0.00000
     -14.30619       0.00000
     -14.29619       0.00000
     -14.28619       0.00000
     -14.27619       0.00000
     -14.26619       0.00000
     -14.25619       0.00000
     -14.24519       0.00000
     -14.23519       0.00000
     -14.22519       0.00000
     -14.21519       0.00000
     -14.20519       0.00000
     -14.19519       0.00000
     -14.18519       0.00000
     -14.17519       0.00000
     -14.16519       0.00000
     -14.15419       0.00000
     -14.14419       0.00000
     -14.13419       0.00000
     -14.12419       0.00000
     -14.11419       0.00000
     -14.10419       0.00000
     -14.09419       0.00000
     -14.08419       0.00000
     -14.07319       0.00000
     -14.06319       0.00000
     -14.05319       0.00000
     -14.04319       0.00000
     -14.03319       0.00000
     -14.02319       0.00000
     -14.01319       0.00000
     -14.00319       0.00000
     -13.99319       0.00000
     -13.98219       0.00000
     -13.97219       0.00000
     -13.96219       0.00000
     -13.95219       0.00000
     -13.94219       0.00000
     -13.93219       0.00000
     -13.92219       0.00000
     -13.91219       0.00000
     -13.90119       0.00000
     -13.89119       0.00000
     -13.88119       0.00000
     -13.87119       0.00000
     -13.86119       0.00000
     -13.85119       0.00000
     -13.84119       0.00000
     -13.83119       0.00000
     -13.82119       0.00000
     -13.81019       0.00000
     -13.80019       0.00000
     -13.79019       0.00000
     -13.78019       0.00000
     -13.77019       0.00000
     -13.76019       0.00000
     -13.75019       0.00000
     -13.74019       0.00000
     -13.72919       0.00000
     -13.71919       0.00000
     -13.70919       0.00000
     -13.69919       0.00000
     -13.68919       0.00000
     -13.67919       0.00000
     -13.66919       0.00000
     -13.65919       0.00000
     -13.64919       0.00000
     -13.63819       0.00000
     -13.62819       0.00000
     -13.61819       0.00000
     -13.60819       0.00000
     -13.59819       0.00000
     -13.58819       0.00000
     -13.57819       0.00000
     -13.56819       0.00000
     -13.55719       0.00000
     -13.54719       0.00000
     -13.53719       0.00000
     -13.52719       0.00000
     -13.51719       0.00000
     -13.50719       0.00000
     -13.49719       0.00000
     -13.48719       0.00000
     -13.47719       0.00000
     -13.46619       0.00000
     -13.45619       0.00000
     -13.44619       0.00000
     -13.43619       0.00000
     -13.42619       0.00000
     -13.41619       0.00000
     -13.40619       0.00000
     -13.39619       0.00000
     -13.38519       0.00000
     -13.37519       0.00000
     -13.36519       0.00000
     -13.35519       0.00000
     -13.34519       0.00000
     -13.33519       0.00000
     -13.32519       0.00000
     -13.31519       0.00000
     -13.30519       0.00000
     -13.29419       0.00000
     -13.28419       0.00000
     -13.27419       0.00000
     -13.26419       0.00000
     -13.25419       0.00000
     -13.24419       0.00000
     -13.23419       0.00000
     -13.22419       0.00000
     -13.21319       0.00000
     -13.20319       0.00000
     -13.19319       0.00000
     -13.18319       0.00000
     -13.17319       0.00000
     -13.16319       0.00000
     -13.15319       0.00000
     -13.14319       0.00001
     -13.13319       0.00003
     -13.12219       0.00010
     -13.11219       0.00027
     -13.10219       0.00071
     -13.09219       0.00174
     -13.08219       0.00395
     -13.07219       0.00837
     -13.06219       0.01656
     -13.05219       0.03065
     -13.04119       0.05321
     -13.03119       0.08689
     -13.02119       0.13380
     -13.01119       0.19520
     -13.00119       0.27070
     -12.99119       0.35840
     -12.98119       0.45550
     -12.97119       0.55860
     -12.96119       0.66450
     -12.95019       0.77100
     -12.94019       0.87660
     -12.93019       0.98110
     -12.92019       1.08500
     -12.91019       1.18900
     -12.90019       1.29400
     -12.89019       1.40200
     -12.88019       1.51300
     -12.86919       1.62900
     -12.85919       1.75100
     -12.84919       1.87900
     -12.83919       2.01600
     -12.82919       2.16200
     -12.81919       2.32100
     -12.80919       2.49300
     -12.79919       2.68300
     -12.78919       2.89400
     -12.77819       3.13200
     -12.76819       3.40400
     -12.75819       3.71800
     -12.74819       4.08600
     -12.73819       4.51900
     -12.72819       5.02700
     -12.71819       5.61800
     -12.70819       6.29100
     -12.69719       7.03600
     -12.68719       7.83000
     -12.67719       8.64000
     -12.66719       9.41900
     -12.65719      10.11000
     -12.64719      10.65000
     -12.63719      10.96000
     -12.62719      10.96000
     -12.61719      10.59000
     -12.60619       9.83000
     -12.59619       8.71700
     -12.58619       7.34300
     -12.57619       5.84800
     -12.56619       4.38500
     -12.55619       3.08400
     -12.54619       2.03000
     -12.53619       1.24600
     -12.52519       0.71310
     -12.51519       0.37950
     -12.50519       0.18760
     -12.49519       0.08603
     -12.48519       0.03658
     -12.47519       0.01441
     -12.46519       0.00526
     -12.45519       0.00178
     -12.44519       0.00055
     -12.43419       0.00016
     -12.42419       0.00004
     -12.41419       0.00001
     -12.40419       0.00000
     -12.39419       0.00000
     -12.38419       0.00000
     -12.37419       0.00000
     -12.36419       0.00000
     -12.35319       0.00000
     -12.34319       0.00000
     -12.33319       0.00000
     -12.32319       0.00000
     -12.31319       0.00000
     -12.30319       0.00000
     -12.29319       0.00000
     -12.28319       0.00000
     -12.27319       0.00000
     -12.26219       0.00000
     -12.25219       0.00000
     -12.24219       0.00000
     -12.23219       0.00000
     -12.22219       0.00000
     -12.21219       0.00000
     -12.20219       0.00000
     -12.19219       0.00000
     -12.18119       0.00000
     -12.17119       0.00000
     -12.16119       0.00000
     -12.15119       0.00000
     -12.14119       0.00000
     -12.13119       0.00000
     -12.12119       0.00000
     -12.11119       0.00000
     -12.10119       0.00000
     -12.09019       0.00000
     -12.08019       0.00000
     -12.07019       0.00000
     -12.06019       0.00000
     -12.05019       0.00000
     -12.04019       0.00000
     -12.03019       0.00000
     -12.02019       0.00000
     -12.00919       0.00000
     -11.99919       0.00000
     -11.98919       0.00000
     -11.97919       0.00000
     -11.96919       0.00000
     -11.95919       0.00000
     -11.94919       0.00000
     -11.93919       0.00000
     -11.92919       0.00000
     -11.91819       0.00000
     -11.90819       0.00000
     -11.89819       0.00000
     -11.88819       0.00000
     -11.87819       0.00000
     -11.86819       0.00000
     -11.85819       0.00000
     -11.84819       0.00000
     -11.83719       0.00000
     -11.82719       0.00000
     -11.81719       0.00000
     -11.80719       0.00000
     -11.79719       0.00000
     -11.78719       0.00000
     -11.77719       0.00000
     -11.76719       0.00000
     -11.75719       0.00000
     -11.74619       0.00000
     -11.73619       0.00000
     -11.72619       0.00000
     -11.71619       0.00000
     -11.70619       0.00000
     -11.69619       0.00000
     -11.68619       0.00000
     -11.67619       0.00000
     -11.66519       0.00000
     -11.65519       0.00000
     -11.64519       0.00000
     -11.63519       0.00000
     -11.62519       0.00000
     -11.61519       0.00000
     -11.60519       0.00000
     -11.59519       0.00000
     -11.58519       0.00000
     -11.57419       0.00000
     -11.56419       0.00000
     -11.55419       0.00000
     -11.54419       0.00000
     -11.53419       0.00000
     -11.52419       0.00000
     -11.51419       0.00000
     -11.50419       0.00000
     -11.49319       0.00000
     -11.48319       0.00000
     -11.47319       0.00000
     -11.46319       0.00000
     -11.45319       0.00000
     -11.44319       0.00000
     -11.43319       0.00000
     -11.42319       0.00000
     -11.41319       0.00000
     -11.40219       0.00000
     -11.39219       0.00000
     -11.38219       0.00000
     -11.37219       0.00000
     -11.36219       0.00000
     -11.35219       0.00000
     -11.34219       0.00000
     -11.33219       0.00000
     -11.32119       0.00000
     -11.31119       0.00000
     -11.30119       0.00000
     -11.29119       0.00000
     -11.28119       0.00000
     -11.27119       0.00000
     -11.26119       0.00000
     -11.25119       0.00000
     -11.24119       0.00000
     -11.23019       0.00000
     -11.22019       0.00000
     -11.21019       0.00000
     -11.20019       0.00000
     -11.19019       0.00000
     -11.18019       0.00000
     -11.17019       0.00000
     -11.16019       0.00000
     -11.14919       0.00000
     -11.13919       0.00000
     -11.12919       0.00000
     -11.11919       0.00000
     -11.10919       0.00000
     -11.09919       0.00000
     -11.08919       0.00000
     -11.07919       0.00000
     -11.06919       0.00000
     -11.05819       0.00000
     -11.04819       0.00000
     -11.03819       0.00000
     -11.02819       0.00000
     -11.01819       0.00000
     -11.00819       0.00000
     -10.99819       0.00000
     -10.98819       0.00000
     -10.97719       0.00000
     -10.96719       0.00000
     -10.95719       0.00000
     -10.94719       0.00000
     -10.93719       0.00000
     -10.92719       0.00000
     -10.91719       0.00000
     -10.90719       0.00000
     -10.89719       0.00000
     -10.88619       0.00000
     -10.87619       0.00000
     -10.86619       0.00000
     -10.85619       0.00000
     -10.84619       0.00000
     -10.83619       0.00000
     -10.82619       0.00000
     -10.81619       0.00000
     -10.80519       0.00000
     -10.79519       0.00000
     -10.78519       0.00000
     -10.77519       0.00000
     -10.76519       0.00000
     -10.75519       0.00000
     -10.74519       0.00000
     -10.73519       0.00000
     -10.72519       0.00000
     -10.71419       0.00000
     -10.70419       0.00000
     -10.69419       0.00000
     -10.68419       0.00000
     -10.67419       0.00000
     -10.66419       0.00000
     -10.65419       0.00000
     -10.64419       0.00000
     -10.63319       0.00000
     -10.62319       0.00000
     -10.61319       0.00000
     -10.60319       0.00000
     -10.59319       0.00000
     -10.58319       0.00000
     -10.57319       0.00000
     -10.56319       0.00000
     -10.55319       0.00000
     -10.54219       0.00000
     -10.53219       0.00000
     -10.52219       0.00000
     -10.51219       0.00000
     -10.50219       0.00000
     -10.49219       0.00000
     -10.48219       0.00000
     -10.47219       0.00000
     -10.46119       0.00000
     -10.45119       0.00000
     -10.44119       0.00000
     -10.43119       0.00000
     -10.42119       0.00000
     -10.41119       0.00000
     -10.40119       0.00000
     -10.39119       0.00000
     -10.38119       0.00000
     -10.37019       0.00000
     -10.36019       0.00000
     -10.35019       0.00000
     -10.34019       0.00000
     -10.33019       0.00000
     -10.32019       0.00000
     -10.31019       0.00000
     -10.30019       0.00000
     -10.28919       0.00000
     -10.27919       0.00000
     -10.26919       0.00000
     -10.25919       0.00000
     -10.24919       0.00000
     -10.23919       0.00000
     -10.22919       0.00000
     -10.21919       0.00000
     -10.20919       0.00000
     -10.19819       0.00000
     -10.18819       0.00000
     -10.17819       0.00000
     -10.16819       0.00000
     -10.15819       0.00000
     -10.14819       0.00000
     -10.13819       0.00000
     -10.12819       0.00000
     -10.11719       0.00000
     -10.10719       0.00000
     -10.09719       0.00000
     -10.08719       0.00000
     -10.07719       0.00000
     -10.06719       0.00000
     -10.05719       0.00000
     -10.04719       0.00000
     -10.03719       0.00000
     -10.02619       0.00000
     -10.01619       0.00000
     -10.00619       0.00000
      -9.99619       0.00000
      -9.98619       0.00000
      -9.97619       0.00000
      -9.96619       0.00000
      -9.95619       0.00000
      -9.94519       0.00000
      -9.93519       0.00000
      -9.92519       0.00000
      -9.91519       0.00000
      -9.90519       0.00000
      -9.89519       0.00000
      -9.88519       0.00000
      -9.87519       0.00000
      -9.86519       0.00000
      -9.85419       0.00000
      -9.84419       0.00000
      -9.83419       0.00000
      -9.82419       0.00000
      -9.81419       0.00000
      -9.80419       0.00000
      -9.79419       0.00000
      -9.78419       0.00000
      -9.77319       0.00000
      -9.76319       0.00000
      -9.75319       0.00000
      -9.74319       0.00000
      -9.73319       0.00000
      -9.72319       0.00000
      -9.71319       0.00000
      -9.70319       0.00000
      -9.69319       0.00000
      -9.68219       0.00000
      -9.67219       0.00000
      -9.66219       0.00000
      -9.65219       0.00000
      -9.64219       0.00000
      -9.63219       0.00000
      -9.62219       0.00000
      -9.61219       0.00000
      -9.60119       0.00000
      -9.59119       0.00000
      -9.58119       0.00000
      -9.57119       0.00000
      -9.56119       0.00000
      -9.55119       0.00000
      -9.54119       0.00000
      -9.53119       0.00000
      -9.52119       0.00000
      -9.51019       0.00000
      -9.50019       0.00000
      -9.49019       0.00000
      -9.48019       0.00000
      -9.47019       0.00000
      -9.46019       0.00000
      -9.45019       0.00000
      -9.44019       0.00000
      -9.42919       0.00000
      -9.41919       0.00000
      -9.40919       0.00000
      -9.39919       0.00000
      -9.38919       0.00000
      -9.37919       0.00000
      -9.36919       0.00000
      -9.35919       0.00000
      -9.34919       0.00000
      -9.33819       0.00000
      -9.32819       0.00000
      -9.31819       0.00000
      -9.30819       0.00000
      -9.29819       0.00000
      -9.28819       0.00000
      -9.27819       0.00000
      -9.26819       0.00000
      -9.25719       0.00000
      -9.24719       0.00000
      -9.23719       0.00000
      -9.22719       0.00000
      -9.21719       0.00000
      -9.20719       0.00000
      -9.19719       0.00000
      -9.18719       0.00000
      -9.17719       0.00000
      -9.16619       0.00000
      -9.15619       0.00000
      -9.14619       0.00000
      -9.13619       0.00000
      -9.12619       0.00000
      -9.11619       0.00000
      -9.10619       0.00000
      -9.09619       0.00000
      -9.08519       0.00000
      -9.07519       0.00000
      -9.06519       0.00000
      -9.05519       0.00000
      -9.04519       0.00000
      -9.03519       0.00000
      -9.02519       0.00000
      -9.01519       0.00000
      -9.00519       0.00000
      -8.99419       0.00000
      -8.98419       0.00000
      -8.97419       0.00000
      -8.96419       0.00000
      -8.95419       0.00000
      -8.94419       0.00000
      -8.93419       0.00000
      -8.92419       0.00000
      -8.91319       0.00000
      -8.90319       0.00000
      -8.89319       0.00000
      -8.88319       0.00000
      -8.87319       0.00000
      -8.86319       0.00000
      -8.85319       0.00000
      -8.84319       0.00000
      -8.83319       0.00000
      -8.82219       0.00000
      -8.81219       0.00000
      -8.80219       0.00000
      -8.79219       0.00000
      -8.78219       0.00000
      -8.77219       0.00000
      -8.76219       0.00000
      -8.75219       0.00000
      -8.74119       0.00000
      -8.73119       0.00000
      -8.72119       0.00000
      -8.71119       0.00000
      -8.70119       0.00000
      -8.69119       0.00000
      -8.68119       0.00000
      -8.67119       0.00000
      -8.66119       0.00000
      -8.65019       0.00000
      -8.64019       0.00000
      -8.63019       0.00000
      -8.62019       0.00000
      -8.61019       0.00000
      -8.60019       0.00000
      -8.59019       0.00000
      -8.58019       0.00000
      -8.56919       0.00000
      -8.55919       0.00000
      -8.54919       0.00000
      -8.53919       0.00000
      -8.52919       0.00000
      -8.51919       0.00000
      -8.50919       0.00000
      -8.49919       0.00000
      -8.48919       0.00000
      -8.47819       0.00000
      -8.46819       0.00000
      -8.45819       0.00000
      -8.44819       0.00000
      -8.43819       0.00000
      -8.42819       0.00000
      -8.41819       0.00000
      -8.40819       0.00000
      -8.39719       0.00000
      -8.38719       0.00000
      -8.37719       0.00000
      -8.36719       0.00000
      -8.35719       0.00000
      -8.34719       0.00000
      -8.33719       0.00000
      -8.32719       0.00000
      -8.31719       0.00000
      -8.30619       0.00000
      -8.29619       0.00000
      -8.28619       0.00000
      -8.27619       0.00000
      -8.26619       0.00000
      -8.25619       0.00000
      -8.24619       0.00000
      -8.23619       0.00000
      -8.22519       0.00000
      -8.21519       0.00000
      -8.20519       0.00000
      -8.19519       0.00000
      -8.18519       0.00000
      -8.17519       0.00000
      -8.16519       0.00000
      -8.15519       0.00000
      -8.14519       0.00000
      -8.13419       0.00000
      -8.12419       0.00000
      -8.11419       0.00000
      -8.10419       0.00000
      -8.09419       0.00000
      -8.08419       0.00000
      -8.07419       0.00000
      -8.06419       0.00000
      -8.05319       0.00000
      -8.04319       0.00000
      -8.03319       0.00000
      -8.02319       0.00000
      -8.01319       0.00000
      -8.00319       0.00000
      -7.99319       0.00000
      -7.98319       0.00000
      -7.97319       0.00000
      -7.96219       0.00000
      -7.95219       0.00000
      -7.94219       0.00000
      -7.93219       0.00000
      -7.92219       0.00000
      -7.91219       0.00000
      -7.90219       0.00000
      -7.89219       0.00000
      -7.88119       0.00000
      -7.87119       0.00000
      -7.86119       0.00000
      -7.85119       0.00000
      -7.84119       0.00000
      -7.83119       0.00000
      -7.82119       0.00000
      -7.81119       0.00000
      -7.80119       0.00000
      -7.79019       0.00000
      -7.78019       0.00000
      -7.77019       0.00000
      -7.76019       0.00000
      -7.75019       0.00000
      -7.74019       0.00000
      -7.73019       0.00000
      -7.72019       0.00000
      -7.70919       0.00000
      -7.69919       0.00000
      -7.68919       0.00000
      -7.67919       0.00000
      -7.66919       0.00000
      -7.65919       0.00000
      -7.64919       0.00000
      -7.63919       0.00000
      -7.62919       0.00000
      -7.61819       0.00000
      -7.60819       0.00000
      -7.59819       0.00000
      -7.58819       0.00000
      -7.57819       0.00000
      -7.56819       0.00000
      -7.55819       0.00000
      -7.54819       0.00000
      -7.53719       0.00000
      -7.52719       0.00000
      -7.51719       0.00000
      -7.50719       0.00000
      -7.49719       0.00000
      -7.48719       0.00000
      -7.47719       0.00000
      -7.46719       0.00000
      -7.45719       0.00000
      -7.44619       0.00000
      -7.43619       0.00000
      -7.42619       0.00000
      -7.41619       0.00000
      -7.40619       0.00000
      -7.39619       0.00000
      -7.38619       0.00000
      -7.37619       0.00000
      -7.36519       0.00000
      -7.35519       0.00000
      -7.34519       0.00000
      -7.33519       0.00000
      -7.32519       0.00000
      -7.31519       0.00000
      -7.30519       0.00000
      -7.29519       0.00000
      -7.28519       0.00000
      -7.27419       0.00000
      -7.26419       0.00000
      -7.25419       0.00000
      -7.24419       0.00000
      -7.23419       0.00000
      -7.22419       0.00000
      -7.21419       0.00000
      -7.20419       0.00000
      -7.19319       0.00000
      -7.18319       0.00000
      -7.17319       0.00000
      -7.16319       0.00000
      -7.15319       0.00000
      -7.14319       0.00000
      -7.13319       0.00000
      -7.12319       0.00000
      -7.11319       0.00000
      -7.10219       0.00000
      -7.09219       0.00000
      -7.08219       0.00000
      -7.07219       0.00000
      -7.06219       0.00000
      -7.05219       0.00000
      -7.04219       0.00000
      -7.03219       0.00000
      -7.02119       0.00000
      -7.01119       0.00000
      -7.00119       0.00000
      -6.99119       0.00000
      -6.98119       0.00000
      -6.97119       0.00000
      -6.96119       0.00000
      -6.95119       0.00000
      -6.94119       0.00000
      -6.93019       0.00000
      -6.92019       0.00000
      -6.91019       0.00000
      -6.90019       0.00000
      -6.89019       0.00000
      -6.88019       0.00000
      -6.87019       0.00000
      -6.86019       0.00000
      -6.84919       0.00000
      -6.83919       0.00000
      -6.82919       0.00000
      -6.81919       0.00000
      -6.80919       0.00000
      -6.79919       0.00000
      -6.78919       0.00000
      -6.77919       0.00000
      -6.76919       0.00000
      -6.75819       0.00000
      -6.74819       0.00000
      -6.73819       0.00000
      -6.72819       0.00000
      -6.71819       0.00000
      -6.70819       0.00000
      -6.69819       0.00000
      -6.68819       0.00000
      -6.67719       0.00000
      -6.66719       0.00000
      -6.65719       0.00000
      -6.64719       0.00000
      -6.63719       0.00000
      -6.62719       0.00000
      -6.61719       0.00000
      -6.60719       0.00000
      -6.59719       0.00000
      -6.58619       0.00000
      -6.57619       0.00000
      -6.56619       0.00000
      -6.55619       0.00000
      -6.54619       0.00000
      -6.53619       0.00000
      -6.52619       0.00000
      -6.51619       0.00000
      -6.50519       0.00000
      -6.49519       0.00000
      -6.48519       0.00000
      -6.47519       0.00000
      -6.46519       0.00000
      -6.45519       0.00000
      -6.44519       0.00000
      -6.43519       0.00000
      -6.42519       0.00000
      -6.41419       0.00000
      -6.40419       0.00000
      -6.39419       0.00000
      -6.38419       0.00000
      -6.37419       0.00000
      -6.36419       0.00000
      -6.35419       0.00000
      -6.34419       0.00000
      -6.33319       0.00000
      -6.32319       0.00000
      -6.31319       0.00000
      -6.30319       0.00000
      -6.29319       0.00000
      -6.28319       0.00000
      -6.27319       0.00000
      -6.26319       0.00000
      -6.25319       0.00000
      -6.24219       0.00000
      -6.23219       0.00000
      -6.22219       0.00000
      -6.21219       0.00000
      -6.20219       0.00000
      -6.19219       0.00000
      -6.18219       0.00000
      -6.17219       0.00000
      -6.16119       0.00000
      -6.15119       0.00000
      -6.14119       0.00000
      -6.13119       0.00000
      -6.12119       0.00000
      -6.11119       0.00000
      -6.10119       0.00000
      -6.09119       0.00000
      -6.08119       0.00000
      -6.07019       0.00000
      -6.06019       0.00000
      -6.05019       0.00000
      -6.04019       0.00000
      -6.03019       0.00000
      -6.02019       0.00000
      -6.01019       0.00000
      -6.00019       0.00000
      -5.98919       0.00000
      -5.97919       0.00000
      -5.96919       0.00000
      -5.95919       0.00000
      -5.94919       0.00000
      -5.93919       0.00000
      -5.92919       0.00000
      -5.91919       0.00000
      -5.90919       0.00000
      -5.89819       0.00000
      -5.88819       0.00000
      -5.87819       0.00000
      -5.86819       0.00000
      -5.85819       0.00000
      -5.84819       0.00000
      -5.83819       0.00000
      -5.82819       0.00000
      -5.81719       0.00000
      -5.80719       0.00000
      -5.79719       0.00000
      -5.78719       0.00000
      -5.77719       0.00000
      -5.76719       0.00000
      -5.75719       0.00000
      -5.74719       0.00000
      -5.73719       0.00000
      -5.72619       0.00000
      -5.71619       0.00000
      -5.70619       0.00000
      -5.69619       0.00000
      -5.68619       0.00000
      -5.67619       0.00000
      -5.66619       0.00000
      -5.65619       0.00000
      -5.64519       0.00000
      -5.63519       0.00000
      -5.62519       0.00000
      -5.61519       0.00000
      -5.60519       0.00000
      -5.59519       0.00000
      -5.58519       0.00000
      -5.57519       0.00000
      -5.56519       0.00000
      -5.55419       0.00000
      -5.54419       0.00000
      -5.53419       0.00000
      -5.52419       0.00000
      -5.51419       0.00000
      -5.50419       0.00000
      -5.49419       0.00000
      -5.48419       0.00000
      -5.47319       0.00000
      -5.46319       0.00000
      -5.45319       0.00000
      -5.44319       0.00000
      -5.43319       0.00000
      -5.42319       0.00000
      -5.41319       0.00000
      -5.40319       0.00000
      -5.39319       0.00000
      -5.38219       0.00000
      -5.37219       0.00000
      -5.36219       0.00000
      -5.35219       0.00000
      -5.34219       0.00000
      -5.33219       0.00000
      -5.32219       0.00000
      -5.31219       0.00000
      -5.30119       0.00000
      -5.29119       0.00000
      -5.28119       0.00000
      -5.27119       0.00000
      -5.26119       0.00000
      -5.25119       0.00000
      -5.24119       0.00000
      -5.23119       0.00000
      -5.22119       0.00000
      -5.21019       0.00000
      -5.20019       0.00000
      -5.19019       0.00000
      -5.18019       0.00000
      -5.17019       0.00000
      -5.16019       0.00000
      -5.15019       0.00000
      -5.14019       0.00000
      -5.12919       0.00000
      -5.11919       0.00000
      -5.10919       0.00000
      -5.09919       0.00000
      -5.08919       0.00000
      -5.07919       0.00000
      -5.06919       0.00000
      -5.05919       0.00000
      -5.04919       0.00000
      -5.03819       0.00000
      -5.02819       0.00000
      -5.01819       0.00000
      -5.00819       0.00000
      -4.99819       0.00000
      -4.98819       0.00000
      -4.97819       0.00000
      -4.96819       0.00000
      -4.95719       0.00000
      -4.94719       0.00000
      -4.93719       0.00000
      -4.92719       0.00000
      -4.91719       0.00000
      -4.90719       0.00000
      -4.89719       0.00000
      -4.88719       0.00000
      -4.87719       0.00000
      -4.86619       0.00000
      -4.85619       0.00000
      -4.84619       0.00000
      -4.83619       0.00000
      -4.82619       0.00000
      -4.81619       0.00000
      -4.80619       0.00000
      -4.79619       0.00000
      -4.78519       0.00000
      -4.77519       0.00000
      -4.76519       0.00000
      -4.75519       0.00000
      -4.74519       0.00000
      -4.73519       0.00000
      -4.72519       0.00000
      -4.71519       0.00000
      -4.70519       0.00000
      -4.69419       0.00000
      -4.68419       0.00000
      -4.67419       0.00000
      -4.66419       0.00000
      -4.65419       0.00000
      -4.64419       0.00000
      -4.63419       0.00000
      -4.62419       0.00000
      -4.61319       0.00000
      -4.60319       0.00000
      -4.59319       0.00000
      -4.58319       0.00000
      -4.57319       0.00000
      -4.56319       0.00000
      -4.55319       0.00000
      -4.54319       0.00000
      -4.53319       0.00000
      -4.52219       0.00000
      -4.51219       0.00000
      -4.50219       0.00000
      -4.49219       0.00000
      -4.48219       0.00000
      -4.47219       0.00000
      -4.46219       0.00000
      -4.45219       0.00000
      -4.44119       0.00000
      -4.43119       0.00000
      -4.42119       0.00000
      -4.41119       0.00000
      -4.40119       0.00000
      -4.39119       0.00000
      -4.38119       0.00000
      -4.37119       0.00000
      -4.36119       0.00000
      -4.35019       0.00000
      -4.34019       0.00000
      -4.33019       0.00000
      -4.32019       0.00000
      -4.31019       0.00000
      -4.30019       0.00000
      -4.29019       0.00000
      -4.28019       0.00000
      -4.26919       0.00000
      -4.25919       0.00000
      -4.24919       0.00000
      -4.23919       0.00000
      -4.22919       0.00000
      -4.21919       0.00000
      -4.20919       0.00000
      -4.19919       0.00000
      -4.18919       0.00000
      -4.17819       0.00000
      -4.16819       0.00000
      -4.15819       0.00000
      -4.14819       0.00000
      -4.13819       0.00000
      -4.12819       0.00000
      -4.11819       0.00000
      -4.10819       0.00000
      -4.09719       0.00000
      -4.08719       0.00000
      -4.07719       0.00000
      -4.06719       0.00000
      -4.05719       0.00000
      -4.04719       0.00000
      -4.03719       0.00000
      -4.02719       0.00000
      -4.01719       0.00000
      -4.00619       0.00000
      -3.99619       0.00000
      -3.98619       0.00000
      -3.97619       0.00000
      -3.96619       0.00000
      -3.95619       0.00000
      -3.94619       0.00000
      -3.93619       0.00000
      -3.92519       0.00000
      -3.91519       0.00000
      -3.90519       0.00000
      -3.89519       0.00000
      -3.88519       0.00000
      -3.87519       0.00000
      -3.86519       0.00000
      -3.85519       0.00000
      -3.84519       0.00000
      -3.83419       0.00000
      -3.82419       0.00000
      -3.81419       0.00000
      -3.80419       0.00000
      -3.79419       0.00000
      -3.78419       0.00000
      -3.77419       0.00000
      -3.76419       0.00000
      -3.75319       0.00000
      -3.74319       0.00000
      -3.73319       0.00000
      -3.72319       0.00000
      -3.71319       0.00000
      -3.70319       0.00000
      -3.69319       0.00000
      -3.68319       0.00000
      -3.67319       0.00000
      -3.66219       0.00000
      -3.65219       0.00000
      -3.64219       0.00000
      -3.63219       0.00000
      -3.62219       0.00000
      -3.61219       0.00000
      -3.60219       0.00000
      -3.59219       0.00000
      -3.58119       0.00000
      -3.57119       0.00000
      -3.56119       0.00000
      -3.55119       0.00000
      -3.54119       0.00000
      -3.53119       0.00000
      -3.52119       0.00000
      -3.51119       0.00000
      -3.50119       0.00000
      -3.49019       0.00000
      -3.48019       0.00000
      -3.47019       0.00000
      -3.46019       0.00000
      -3.45019       0.00000
      -3.44019       0.00000
      -3.43019       0.00000
      -3.42019       0.00000
      -3.40919       0.00000
      -3.39919       0.00000
      -3.38919       0.00000
      -3.37919       0.00000
      -3.36919       0.00000
      -3.35919       0.00000
      -3.34919       0.00000
      -3.33919       0.00000
      -3.32919       0.00000
      -3.31819       0.00000
      -3.30819       0.00000
      -3.29819       0.00000
      -3.28819       0.00000
      -3.27819       0.00000
      -3.26819       0.00000
      -3.25819       0.00000
      -3.24819       0.00000
      -3.23719       0.00000
      -3.22719       0.00000
      -3.21719       0.00000
      -3.20719       0.00000
      -3.19719       0.00000
      -3.18719       0.00000
      -3.17719       0.00000
      -3.16719       0.00000
      -3.15719       0.00000
      -3.14619       0.00000
      -3.13619       0.00000
      -3.12619       0.00000
      -3.11619       0.00000
      -3.10619       0.00000
      -3.09619       0.00000
      -3.08619       0.00000
      -3.07619       0.00000
      -3.06519       0.00000
      -3.05519       0.00000
      -3.04519       0.00000
      -3.03519       0.00000
      -3.02519       0.00000
      -3.01519       0.00000
      -3.00519       0.00000
      -2.99519       0.00000
      -2.98519       0.00000
      -2.97419       0.00000
      -2.96419       0.00000
      -2.95419       0.00000
      -2.94419       0.00000
      -2.93419       0.00000
      -2.92419       0.00000
      -2.91419       0.00000
      -2.90419       0.00000
      -2.89319       0.00000
      -2.88319       0.00000
      -2.87319       0.00000
      -2.86319       0.00000
      -2.85319       0.00000
      -2.84319       0.00000
      -2.83319       0.00000
      -2.82319       0.00000
      -2.81319       0.00000
      -2.80219       0.00000
      -2.79219       0.00000
      -2.78219       0.00000
      -2.77219       0.00000
      -2.76219       0.00000
      -2.75219       0.00000
      -2.74219       0.00000
      -2.73219       0.00000
      -2.72119       0.00000
      -2.71119       0.00000
      -2.70119       0.00000
      -2.69119       0.00000
      -2.68119       0.00000
      -2.67119       0.00000
      -2.66119       0.00000
      -2.65119       0.00000
      -2.64119       0.00000
      -2.63019       0.00000
      -2.62019       0.00000
      -2.61019       0.00000
      -2.60019       0.00000
      -2.59019       0.00000
      -2.58019       0.00000
      -2.57019       0.00000
      -2.56019       0.00000
      -2.54919       0.00000
      -2.53919       0.00000
      -2.52919       0.00000
      -2.51919       0.00000
      -2.50919       0.00000
      -2.49919       0.00000
      -2.48919       0.00000
      -2.47919       0.00000
      -2.46919       0.00000
      -2.45819       0.00000
      -2.44819       0.00000
      -2.43819       0.00000
      -2.42819       0.00000
      -2.41819       0.00000
      -2.40819       0.00000
      -2.39819       0.00000
      -2.38819       0.00000
      -2.37719       0.00000
      -2.36719       0.00000
      -2.35719       0.00000
      -2.34719       0.00000
      -2.33719       0.00000
      -2.32719       0.00000
      -2.31719       0.00001
      -2.30719       0.00002
      -2.29719       0.00007
      -2.28619       0.00019
      -2.27619       0.00051
      -2.26619       0.00124
      -2.25619       0.00280
      -2.24619       0.00592
      -2.23619       0.01170
      -2.22619       0.02166
      -2.21619       0.03766
      -2.20519       0.06164
      -2.19519       0.09524
      -2.18519       0.13940
      -2.17519       0.19380
      -2.16519       0.25710
      -2.15519       0.32690
      -2.14519       0.39990
      -2.13519       0.47300
      -2.12519       0.54370
      -2.11419       0.61010
      -2.10419       0.67170
      -2.09419       0.72840
      -2.08419       0.78110
      -2.07419       0.83090
      -2.06419       0.87890
      -2.05419       0.92610
      -2.04419       0.97320
      -2.03319       1.02100
      -2.02319       1.06900
      -2.01319       1.12000
      -2.00319       1.17400
      -1.99319       1.23200
      -1.98319       1.29800
      -1.97319       1.37300
      -1.96319       1.46100
      -1.95319       1.56200
      -1.94219       1.67800
      -1.93219       1.80900
      -1.92219       1.95200
      -1.91219       2.10600
      -1.90219       2.26900
      -1.89219       2.44000
      -1.88219       2.61900
      -1.87219       2.81100
      -1.86119       3.01600
      -1.85119       3.24100
      -1.84119       3.48600
      -1.83119       3.75200
      -1.82119       4.03500
      -1.81119       4.32400
      -1.80119       4.60600
      -1.79119       4.86500
      -1.78119       5.08500
      -1.77019       5.25400
      -1.76019       5.36200
      -1.75019       5.40800
      -1.74019       5.38900
      -1.73019       5.30800
      -1.72019       5.16800
      -1.71019       4.97500
      -1.70019       4.73900
      -1.68919       4.47100
      -1.67919       4.18500
      -1.66919       3.89500
      -1.65919       3.61200
      -1.64919       3.34400
      -1.63919       3.09700
      -1.62919       2.87100
      -1.61919       2.66600
      -1.60919       2.47900
      -1.59819       2.30800
      -1.58819       2.15100
      -1.57819       2.00600
      -1.56819       1.87000
      -1.55819       1.74400
      -1.54819       1.62800
      -1.53819       1.52300
      -1.52819       1.42900
      -1.51719       1.34800
      -1.50719       1.28100
      -1.49719       1.22900
      -1.48719       1.19200
      -1.47719       1.16900
      -1.46719       1.16100
      -1.45719       1.16700
      -1.44719       1.18500
      -1.43719       1.21400
      -1.42619       1.25400
      -1.41619       1.30000
      -1.40619       1.35000
      -1.39619       1.40300
      -1.38619       1.45600
      -1.37619       1.50700
      -1.36619       1.55600
      -1.35619       1.60100
      -1.34519       1.64400
      -1.33519       1.68300
      -1.32519       1.71900
      -1.31519       1.75300
      -1.30519       1.78400
      -1.29519       1.81300
      -1.28519       1.84100
      -1.27519       1.86800
      -1.26519       1.89400
      -1.25419       1.91900
      -1.24419       1.94300
      -1.23419       1.96700
      -1.22419       1.99000
      -1.21419       2.01200
      -1.20419       2.03300
      -1.19419       2.05300
      -1.18419       2.07300
      -1.17319       2.09200
      -1.16319       2.11100
      -1.15319       2.13000
      -1.14319       2.14900
      -1.13319       2.16800
      -1.12319       2.18700
      -1.11319       2.20600
      -1.10319       2.22500
      -1.09319       2.24200
      -1.08219       2.25900
      -1.07219       2.27400
      -1.06219       2.28800
      -1.05219       2.30200
      -1.04219       2.31600
      -1.03219       2.33200
      -1.02219       2.35000
      -1.01219       2.37400
      -1.00119       2.40400
      -0.99119       2.44400
      -0.98119       2.49500
      -0.97119       2.56000
      -0.96119       2.63900
      -0.95119       2.73200
      -0.94119       2.83700
      -0.93119       2.95400
      -0.92119       3.08100
      -0.91019       3.22100
      -0.90019       3.37300
      -0.89019       3.53900
      -0.88019       3.72100
      -0.87019       3.91600
      -0.86019       4.12100
      -0.85019       4.32800
      -0.84019       4.53000
      -0.82919       4.71800
      -0.81919       4.88600
      -0.80919       5.03000
      -0.79919       5.14900
      -0.78919       5.24700
      -0.77919       5.32700
      -0.76919       5.39400
      -0.75919       5.45400
      -0.74919       5.50800
      -0.73819       5.55800
      -0.72819       5.60600
      -0.71819       5.65200
      -0.70819       5.69600
      -0.69819       5.73600
      -0.68819       5.77300
      -0.67819       5.80600
      -0.66819       5.83600
      -0.65719       5.86200
      -0.64719       5.88500
      -0.63719       5.90600
      -0.62719       5.92800
      -0.61719       5.95100
      -0.60719       5.97700
      -0.59719       6.00600
      -0.58719       6.03800
      -0.57719       6.07200
      -0.56619       6.10600
      -0.55619       6.13800
      -0.54619       6.16700
      -0.53619       6.18900
      -0.52619       6.20100
      -0.51619       6.19800
      -0.50619       6.17200
      -0.49619       6.11400
      -0.48519       6.01500
      -0.47519       5.86800
      -0.46519       5.67000
      -0.45519       5.42600
      -0.44519       5.14600
      -0.43519       4.84300
      -0.42519       4.53400
      -0.41519       4.23300
      -0.40519       3.94900
      -0.39419       3.68700
      -0.38419       3.44800
      -0.37419       3.23100
      -0.36419       3.03300
      -0.35419       2.84900
      -0.34419       2.67800
      -0.33419       2.51700
      -0.32419       2.36300
      -0.31319       2.21700
      -0.30319       2.07700
      -0.29319       1.94200
      -0.28319       1.81300
      -0.27319       1.68700
      -0.26319       1.56400
      -0.25319       1.44000
      -0.24319       1.31300
      -0.23319       1.17900
      -0.22219       1.03700
      -0.21219       0.88600
      -0.20219       0.73140
      -0.19219       0.57920
      -0.18219       0.43740
      -0.17219       0.31350
      -0.16219       0.21220
      -0.15219       0.13520
      -0.14119       0.08082
      -0.13119       0.04523
      -0.12119       0.02364
      -0.11119       0.01152
      -0.10119       0.00523
      -0.09119       0.00221
      -0.08119       0.00087
      -0.07119       0.00032
      -0.06119       0.00011
      -0.05019       0.00003
      -0.04019       0.00001
      -0.03019       0.00000
      -0.02019       0.00000
      -0.01019       0.00000
      -0.00019       0.00000
       0.00981       0.00000
       0.01981       0.00000
       0.03081       0.00000
       0.04081       0.00000
       0.05081       0.00000
       0.06081       0.00000
       0.07081       0.00000
       0.08081       0.00000
       0.09081       0.00000
       0.10081       0.00000
       0.11081       0.00000
       0.12181       0.00000
       0.13181       0.00000
       0.14181       0.00000
       0.15181       0.00000
       0.16181       0.00000
       0.17181       0.00000
       0.18181       0.00000
       0.19181       0.00000
       0.20281       0.00000
       0.21281       0.00000
       0.22281       0.00000
       0.23281       0.00000
       0.24281       0.00000
       0.25281       0.00000
       0.26281       0.00000
       0.27281       0.00000
       0.28281       0.00000
       0.29381       0.00000
       0.30381       0.00000
       0.31381       0.00000
       0.32381       0.00000
       0.33381       0.00000
       0.34381       0.00000
       0.35381       0.00000
       0.36381       0.00000
       0.37481       0.00000
       0.38481       0.00000
       0.39481       0.00000
       0.40481       0.00000
       0.41481       0.00000
       0.42481       0.00000
       0.43481       0.00000
       0.44481       0.00000
       0.45481       0.00000
       0.46581       0.00000
       0.47581       0.00000
       0.48581       0.00000
       0.49581       0.00000
       0.50581       0.00000
       0.51581       0.00000
       0.52581       0.00000
       0.53581       0.00000
       0.54681       0.00000
       0.55681       0.00000
       0.56681       0.00000
       0.57681       0.00000
       0.58681       0.00000
       0.59681       0.00000
       0.60681       0.00000
       0.61681       0.00000
       0.62681       0.00000
       0.63781       0.00000
       0.64781       0.00000
       0.65781       0.00000
       0.66781       0.00000
       0.67781       0.00000
       0.68781       0.00000
       0.69781       0.00000
       0.70781       0.00000
       0.71881       0.00000
       0.72881       0.00000
       0.73881       0.00000
       0.74881       0.00000
       0.75881       0.00000
       0.76881       0.00000
       0.77881       0.00000
       0.78881       0.00000
       0.79881       0.00000
       0.80981       0.00000
       0.81981       0.00000
       0.82981       0.00000
       0.83981       0.00000
       0.84981       0.00000
       0.85981       0.00000
       0.86981       0.00000
       0.87981       0.00000
       0.89081       0.00000
       0.90081       0.00000
       0.91081       0.00000
       0.92081       0.00000
       0.93081       0.00000
       0.94081       0.00000
       0.95081       0.00000
       0.96081       0.00000
       0.97081       0.00000
       0.98181       0.00000
       0.99181       0.00000
       1.00181       0.00000
       1.01181       0.00000
       1.02181       0.00000
       1.03181       0.00000
       1.04181       0.00000
       1.05181       0.00000
       1.06281       0.00000
       1.07281       0.00000
       1.08281       0.00000
       1.09281       0.00000
       1.10281       0.00000
       1.11281       0.00000
       1.12281       0.00000
       1.13281       0.00000
       1.14281       0.00000
       1.15381       0.00000
       1.16381       0.00000
       1.17381       0.00000
       1.18381       0.00000
       1.19381       0.00000
       1.20381       0.00000
       1.21381       0.00000
       1.22381       0.00000
       1.23481       0.00000
       1.24481       0.00000
       1.25481       0.00000
       1.26481       0.00000
       1.27481       0.00000
       1.28481       0.00000
       1.29481       0.00000
       1.30481       0.00000
       1.31481       0.00000
       1.32581       0.00000
       1.33581       0.00000
       1.34581       0.00000
       1.35581       0.00000
       1.36581       0.00000
       1.37581       0.00000
       1.38581       0.00000
       1.39581       0.00000
       1.40681       0.00000
       1.41681       0.00000
       1.42681       0.00000
       1.43681       0.00000
       1.44681       0.00000
       1.45681       0.00000
       1.46681       0.00000
       1.47681       0.00000
       1.48681       0.00000
       1.49781       0.00000
       1.50781       0.00000
       1.51781       0.00000
       1.52781       0.00000
       1.53781       0.00000
       1.54781       0.00000
       1.55781       0.00000
       1.56781       0.00000
       1.57881       0.00000
       1.58881       0.00000
       1.59881       0.00000
       1.60881       0.00000
       1.61881       0.00000
       1.62881       0.00000
       1.63881       0.00000
       1.64881       0.00000
       1.65881       0.00000
       1.66981       0.00000
       1.67981       0.00000
       1.68981       0.00000
       1.69981       0.00000
       1.70981       0.00000
       1.71981       0.00000
       1.72981       0.00000
       1.73981       0.00000
       1.75081       0.00000
       1.76081       0.00000
       1.77081       0.00000
       1.78081       0.00000
       1.79081       0.00000
       1.80081       0.00000
       1.81081       0.00000
       1.82081       0.00000
       1.83081       0.00000
       1.84181       0.00000
       1.85181       0.00000
       1.86181       0.00000
       1.87181       0.00000
       1.88181       0.00000
       1.89181       0.00000
       1.90181       0.00000
       1.91181       0.00000
       1.92281       0.00000
       1.93281       0.00000
       1.94281       0.00000
       1.95281       0.00000
       1.96281       0.00000
       1.97281       0.00000
       1.98281       0.00000
       1.99281       0.00000
       2.00281       0.00000
       2.01381       0.00000
       2.02381       0.00000
       2.03381       0.00000
       2.04381       0.00000
       2.05381       0.00000
       2.06381       0.00000
       2.07381       0.00000
       2.08381       0.00000
       2.09481       0.00000
       2.10481       0.00000
       2.11481       0.00000
       2.12481       0.00000
       2.13481       0.00000
       2.14481       0.00000
       2.15481       0.00000
       2.16481       0.00000
       2.17481       0.00000
       2.18581       0.00000
       2.19581       0.00000
       2.20581       0.00000
       2.21581       0.00000
       2.22581       0.00000
       2.23581       0.00000
       2.24581       0.00000
       2.25581       0.00000
       2.26681       0.00000
       2.27681       0.00000
       2.28681       0.00000
       2.29681       0.00000
       2.30681       0.00000
       2.31681       0.00000
       2.32681       0.00000
       2.33681       0.00000
       2.34681       0.00000
       2.35781       0.00000
       2.36781       0.00000
       2.37781       0.00000
       2.38781       0.00000
       2.39781       0.00000
       2.40781       0.00000
       2.41781       0.00000
       2.42781       0.00000
       2.43881       0.00000
       2.44881       0.00000
       2.45881       0.00000
       2.46881       0.00000
       2.47881       0.00000
       2.48881       0.00000
       2.49881       0.00000
       2.50881       0.00000
       2.51881       0.00000
       2.52981       0.00000
       2.53981       0.00000
       2.54981       0.00000
       2.55981       0.00000
       2.56981       0.00000
       2.57981       0.00000
       2.58981       0.00000
       2.59981       0.00000
       2.61081       0.00000
       2.62081       0.00000
       2.63081       0.00000
       2.64081       0.00000
       2.65081       0.00000
       2.66081       0.00000
       2.67081       0.00000
       2.68081       0.00000
       2.69081       0.00000
       2.70181       0.00000
       2.71181       0.00000
       2.72181       0.00000
       2.73181       0.00000
       2.74181       0.00000
       2.75181       0.00000
       2.76181       0.00000
       2.77181       0.00000
       2.78281       0.00000
       2.79281       0.00000
       2.80281       0.00000
       2.81281       0.00000
       2.82281       0.00000
       2.83281       0.00000
       2.84281       0.00000
       2.85281       0.00000
       2.86281       0.00000
       2.87381       0.00000
       2.88381       0.00000
       2.89381       0.00000
       2.90381       0.00000
       2.91381       0.00000
       2.92381       0.00000
       2.93381       0.00000
       2.94381       0.00000
       2.95481       0.00000
       2.96481       0.00000
       2.97481       0.00000
       2.98481       0.00000
       2.99481       0.00000
       3.00481       0.00000
       3.01481       0.00000
       3.02481       0.00000
       3.03481       0.00000
       3.04581       0.00000
       3.05581       0.00000
       3.06581       0.00000
       3.07581       0.00000
       3.08581       0.00000
       3.09581       0.00000
       3.10581       0.00000
       3.11581       0.00000
       3.12681       0.00000
       3.13681       0.00000
       3.14681       0.00000
       3.15681       0.00000
       3.16681       0.00000
       3.17681       0.00000
       3.18681       0.00000
       3.19681       0.00000
       3.20681       0.00000
       3.21781       0.00000
       3.22781       0.00000
       3.23781       0.00000
       3.24781       0.00000
       3.25781       0.00000
       3.26781       0.00000
       3.27781       0.00000
       3.28781       0.00000
       3.29881       0.00000
       3.30881       0.00000
       3.31881       0.00000
       3.32881       0.00000
       3.33881       0.00000
       3.34881       0.00000
       3.35881       0.00000
       3.36881       0.00000
       3.37881       0.00000
       3.38981       0.00000
       3.39981       0.00000
       3.40981       0.00000
       3.41981       0.00000
       3.42981       0.00000
       3.43981       0.00000
       3.44981       0.00000
       3.45981       0.00000
       3.47081       0.00000
       3.48081       0.00000
       3.49081       0.00000
       3.50081       0.00000
       3.51081       0.00000
       3.52081       0.00000
       3.53081       0.00000
       3.54081       0.00000
       3.55081       0.00000
       3.56181       0.00000
       3.57181       0.00000
       3.58181       0.00000
       3.59181       0.00000
       3.60181       0.00000
       3.61181       0.00000
       3.62181       0.00000
       3.63181       0.00000
       3.64281       0.00000
       3.65281       0.00000
       3.66281       0.00000
       3.67281       0.00000
       3.68281       0.00000
       3.69281       0.00000
       3.70281       0.00000
       3.71281       0.00000
       3.72281       0.00000
       3.73381       0.00000
       3.74381       0.00000
       3.75381       0.00000
       3.76381       0.00000
       3.77381       0.00000
       3.78381       0.00000
       3.79381       0.00000
       3.80381       0.00000
       3.81481       0.00000
       3.82481       0.00000
       3.83481       0.00000
       3.84481       0.00000
       3.85481       0.00000
       3.86481       0.00000
       3.87481       0.00000
       3.88481       0.00000
       3.89481       0.00000
       3.90581       0.00000
       3.91581       0.00000
       3.92581       0.00000
       3.93581       0.00000
       3.94581       0.00000
       3.95581       0.00000
       3.96581       0.00000
       3.97581       0.00000
       3.98681       0.00000
       3.99681       0.00000
       4.00681       0.00000
       4.01681       0.00000
       4.02681       0.00000
       4.03681       0.00000
       4.04681       0.00000
       4.05681       0.00000
       4.06681       0.00000
       4.07781       0.00000
       4.08781       0.00000
       4.09781       0.00000
       4.10781       0.00000
       4.11781       0.00000
       4.12781       0.00000
       4.13781       0.00000
       4.14781       0.00000
       4.15881       0.00000
       4.16881       0.00000
       4.17881       0.00000
       4.18881       0.00000
       4.19881       0.00000
       4.20881       0.00000
       4.21881       0.00000
       4.22881       0.00000
       4.23881       0.00000
       4.24981       0.00000
       4.25981       0.00000
       4.26981       0.00000
       4.27981       0.00000
       4.28981       0.00000
       4.29981       0.00000
       4.30981       0.00000
       4.31981       0.00000
       4.33081       0.00000
       4.34081       0.00000
       4.35081       0.00000
       4.36081       0.00000
       4.37081       0.00000
       4.38081       0.00000
       4.39081       0.00000
       4.40081       0.00000
       4.41081       0.00000
       4.42181       0.00000
       4.43181       0.00000
       4.44181       0.00000
       4.45181       0.00000
       4.46181       0.00000
       4.47181       0.00000
       4.48181       0.00000
       4.49181       0.00000
       4.50281       0.00000
       4.51281       0.00000
       4.52281       0.00000
       4.53281       0.00000
       4.54281       0.00000
       4.55281       0.00000
       4.56281       0.00000
       4.57281       0.00000
       4.58281       0.00000
       4.59381       0.00000
       4.60381       0.00000
       4.61381       0.00000
       4.62381       0.00000
       4.63381       0.00000
       4.64381       0.00000
       4.65381       0.00000
       4.66381       0.00000
       4.67481       0.00000
       4.68481       0.00000
       4.69481       0.00000
       4.70481       0.00000
       4.71481       0.00000
       4.72481       0.00000
       4.73481       0.00000
       4.74481       0.00000
       4.75481       0.00000
       4.76581       0.00000
       4.77581       0.00000
       4.78581       0.00000
       4.79581       0.00000
       4.80581       0.00000
       4.81581       0.00000
       4.82581       0.00000
       4.83581       0.00000
       4.84681       0.00000
       4.85681       0.00000
       4.86681       0.00000
       4.87681       0.00000
       4.88681       0.00001
       4.89681       0.00003
       4.90681       0.00006
       4.91681       0.00014
       4.92681       0.00029
       4.93781       0.00054
       4.94781       0.00097
       4.95781       0.00161
       4.96781       0.00253
       4.97781       0.00375
       4.98781       0.00528
       4.99781       0.00706
       5.00781       0.00903
       5.01881       0.01111
       5.02881       0.01320
       5.03881       0.01523
       5.04881       0.01716
       5.05881       0.01898
       5.06881       0.02068
       5.07881       0.02227
       5.08881       0.02376
       5.09881       0.02517
       5.10981       0.02650
       5.11981       0.02778
       5.12981       0.02904
       5.13981       0.03028
       5.14981       0.03149
       5.15981       0.03266
       5.16981       0.03377
       5.17981       0.03481
       5.19081       0.03583
       5.20081       0.03690
       5.21081       0.03804
       5.22081       0.03924
       5.23081       0.04042
       5.24081       0.04150
       5.25081       0.04244
       5.26081       0.04329
       5.27081       0.04414
       5.28181       0.04513
       5.29181       0.04630
       5.30181       0.04761
       5.31181       0.04892
       5.32181       0.05008
       5.33181       0.05098
       5.34181       0.05167
       5.35181       0.05229
       5.36281       0.05305
       5.37281       0.05410
       5.38281       0.05546
       5.39281       0.05700
       5.40281       0.05850
       5.41281       0.05975
       5.42281       0.06063
       5.43281       0.06120
       5.44281       0.06164
       5.45381       0.06217
       5.46381       0.06300
       5.47381       0.06424
       5.48381       0.06584
       5.49381       0.06759
       5.50381       0.06923
       5.51381       0.07049
       5.52381       0.07124
       5.53481       0.07154
       5.54481       0.07163
       5.55481       0.07187
       5.56481       0.07257
       5.57481       0.07389
       5.58481       0.07572
       5.59481       0.07780
       5.60481       0.07975
       5.61481       0.08127
       5.62581       0.08218
       5.63581       0.08253
       5.64581       0.08256
       5.65581       0.08259
       5.66581       0.08300
       5.67581       0.08400
       5.68581       0.08564
       5.69581       0.08774
       5.70681       0.08997
       5.71681       0.09199
       5.72681       0.09353
       5.73681       0.09449
       5.74681       0.09492
       5.75681       0.09497
       5.76681       0.09492
       5.77681       0.09507
       5.78681       0.09571
       5.79781       0.09706
       5.80781       0.09915
       5.81781       0.10180
       5.82781       0.10450
       5.83781       0.10680
       5.84781       0.10830
       5.85781       0.10880
       5.86781       0.10870
       5.87881       0.10810
       5.88881       0.10780
       5.89881       0.10800
       5.90881       0.10910
       5.91881       0.11100
       5.92881       0.11370
       5.93881       0.11670
       5.94881       0.11960
       5.95881       0.12190
       5.96981       0.12330
       5.97981       0.12380
       5.98981       0.12360
       5.99981       0.12310
       6.00981       0.12280
       6.01981       0.12300
       6.02981       0.12410
       6.03981       0.12600
       6.05081       0.12860
       6.06081       0.13160
       6.07081       0.13480
       6.08081       0.13770
       6.09081       0.13990
       6.10081       0.14110
       6.11081       0.14140
       6.12081       0.14090
       6.13081       0.14000
       6.14181       0.13930
       6.15181       0.13950
       6.16181       0.14090
       6.17181       0.14360
       6.18181       0.14730
       6.19181       0.15130
       6.20181       0.15520
       6.21181       0.15830
       6.22281       0.16020
       6.23281       0.16080
       6.24281       0.16030
       6.25281       0.15920
       6.26281       0.15810
       6.27281       0.15780
       6.28281       0.15880
       6.29281       0.16110
       6.30281       0.16470
       6.31381       0.16890
       6.32381       0.17320
       6.33381       0.17710
       6.34381       0.18000
       6.35381       0.18190
       6.36381       0.18260
       6.37381       0.18230
       6.38381       0.18150
       6.39481       0.18060
       6.40481       0.18030
       6.41481       0.18100
       6.42481       0.18320
       6.43481       0.18680
       6.44481       0.19160
       6.45481       0.19690
       6.46481       0.20200
       6.47481       0.20620
       6.48581       0.20870
       6.49581       0.20950
       6.50581       0.20870
       6.51581       0.20700
       6.52581       0.20530
       6.53581       0.20440
       6.54581       0.20520
       6.55581       0.20810
       6.56681       0.21300
       6.57681       0.21930
       6.58681       0.22610
       6.59681       0.23230
       6.60681       0.23700
       6.61681       0.23970
       6.62681       0.24030
       6.63681       0.23920
       6.64681       0.23740
       6.65781       0.23560
       6.66781       0.23480
       6.67781       0.23580
       6.68781       0.23920
       6.69781       0.24510
       6.70781       0.25290
       6.71781       0.26160
       6.72781       0.27000
       6.73881       0.27660
       6.74881       0.28040
       6.75881       0.28120
       6.76881       0.27950
       6.77881       0.27630
       6.78881       0.27310
       6.79881       0.27180
       6.80881       0.27380
       6.81881       0.27970
       6.82981       0.28930
       6.83981       0.30100
       6.84981       0.31280
       6.85981       0.32240
       6.86981       0.32830
       6.87981       0.33010
       6.88981       0.32870
       6.89981       0.32590
       6.91081       0.32400
       6.92081       0.32480
       6.93081       0.32910
       6.94081       0.33700
       6.95081       0.34750
       6.96081       0.35910
       6.97081       0.37060
       6.98081       0.38100
       6.99081       0.38970
       7.00181       0.39680
       7.01181       0.40260
       7.02181       0.40780
       7.03181       0.41310
       7.04181       0.41960
       7.05181       0.42830
       7.06181       0.44010
       7.07181       0.45540
       7.08281       0.47460
       7.09281       0.49730
       7.10281       0.52270
       7.11281       0.54970
       7.12281       0.57660
       7.13281       0.60180
       7.14281       0.62400
       7.15281       0.64240
       7.16281       0.65680
       7.17381       0.66740
       7.18381       0.67520
       7.19381       0.68100
       7.20381       0.68580
       7.21381       0.69040
       7.22381       0.69510
       7.23381       0.69980
       7.24381       0.70420
       7.25481       0.70780
       7.26481       0.71020
       7.27481       0.71100
       7.28481       0.71070
       7.29481       0.70960
       7.30481       0.70840
       7.31481       0.70770
       7.32481       0.70800
       7.33481       0.70930
       7.34581       0.71170
       7.35581       0.71520
       7.36581       0.71970
       7.37581       0.72530
       7.38581       0.73180
       7.39581       0.73920
       7.40581       0.74700
       7.41581       0.75530
       7.42681       0.76420
       7.43681       0.77430
       7.44681       0.78630
       7.45681       0.80110
       7.46681       0.81890
       7.47681       0.83900
       7.48681       0.86050
       7.49681       0.88190
       7.50681       0.90250
       7.51781       0.92210
       7.52781       0.94170
       7.53781       0.96220
       7.54781       0.98440
       7.55781       1.00800
       7.56781       1.03300
       7.57781       1.05600
       7.58781       1.07700
       7.59881       1.09600
       7.60881       1.11100
       7.61881       1.12500
       7.62881       1.13800
       7.63881       1.15000
       7.64881       1.16200
       7.65881       1.17300
       7.66881       1.18200
       7.67881       1.18800
       7.68981       1.19000
       7.69981       1.19000
       7.70981       1.18800
       7.71981       1.18500
       7.72981       1.18600
       7.73981       1.19000
       7.74981       1.19800
       7.75981       1.20900
       7.77081       1.22000
       7.78081       1.22700
       7.79081       1.23000
       7.80081       1.22900
       7.81081       1.22500
       7.82081       1.22100
       7.83081       1.22100
       7.84081       1.22500
       7.85081       1.23500
       7.86181       1.24800
       7.87181       1.26200
       7.88181       1.27500
       7.89181       1.28500
       7.90181       1.29300
       7.91181       1.29900
       7.92181       1.30700
       7.93181       1.31700
       7.94281       1.33100
       7.95281       1.34900
       7.96281       1.36900
       7.97281       1.38900
       7.98281       1.40600
       7.99281       1.41800
       8.00281       1.42600
       8.01281       1.43100
       8.02281       1.43300
       8.03381       1.43400
       8.04381       1.43600
       8.05381       1.43900
       8.06381       1.44400
       8.07381       1.45100
       8.08381       1.45800
       8.09381       1.46300
       8.10381       1.46600
       8.11481       1.46400
       8.12481       1.45900
       8.13481       1.45200
       8.14481       1.44400
       8.15481       1.43700
       8.16481       1.43300
       8.17481       1.43100
       8.18481       1.43200
       8.19481       1.43300
       8.20581       1.43400
       8.21581       1.43500
       8.22581       1.43300
       8.23581       1.42800
       8.24581       1.42000
       8.25581       1.41000
       8.26581       1.39900
       8.27581       1.38900
       8.28681       1.38300
       8.29681       1.37900
       8.30681       1.37900
       8.31681       1.38100
       8.32681       1.38200
       8.33681       1.38100
       8.34681       1.37800
       8.35681       1.37200
       8.36681       1.36200
       8.37781       1.35000
       8.38781       1.33800
       8.39781       1.32700
       8.40781       1.32100
       8.41781       1.31900
       8.42781       1.32100
       8.43781       1.32500
       8.44781       1.32900
       8.45881       1.32900
       8.46881       1.32500
       8.47881       1.31500
       8.48881       1.30200
       8.49881       1.28600
       8.50881       1.26900
       8.51881       1.25300
       8.52881       1.23900
       8.53881       1.22800
       8.54981       1.21900
       8.55981       1.21100
       8.56981       1.20000
       8.57981       1.18500
       8.58981       1.16500
       8.59981       1.14100
       8.60981       1.11700
       8.61981       1.09600
       8.63081       1.07900
       8.64081       1.06900
       8.65081       1.06400
       8.66081       1.06400
       8.67081       1.06600
       8.68081       1.06800
       8.69081       1.06800
       8.70081       1.06500
       8.71081       1.05900
       8.72181       1.05200
       8.73181       1.04600
       8.74181       1.04400
       8.75181       1.04700
       8.76181       1.05500
       8.77181       1.06500
       8.78181       1.07600
       8.79181       1.08300
       8.80281       1.08400
       8.81281       1.07900
       8.82281       1.06800
       8.83281       1.05400
       8.84281       1.03900
       8.85281       1.02500
       8.86281       1.01300
       8.87281       1.00300
       8.88281       0.99500
       8.89381       0.98790
       8.90381       0.98060
       8.91381       0.97190
       8.92381       0.96120
       8.93381       0.94810
       8.94381       0.93350
       8.95381       0.91840
       8.96381       0.90480
       8.97481       0.89380
       8.98481       0.88640
       8.99481       0.88240
       9.00481       0.88150
       9.01481       0.88370
       9.02481       0.88920
       9.03481       0.89860
       9.04481       0.91260
       9.05481       0.93150
       9.06581       0.95540
       9.07581       0.98460
       9.08581       1.01900
       9.09581       1.06000
       9.10581       1.10800
       9.11581       1.16300
       9.12581       1.22500
       9.13581       1.29500
       9.14681       1.37100
       9.15681       1.45200
       9.16681       1.53400
       9.17681       1.61200
       9.18681       1.68300
       9.19681       1.74000
       9.20681       1.78200
       9.21681       1.80600
       9.22681       1.81300
       9.23781       1.80700
       9.24781       1.79100
       9.25781       1.76900
       9.26781       1.74300
       9.27781       1.71500
       9.28781       1.68600
       9.29781       1.65700
       9.30781       1.62800
       9.31881       1.60200
       9.32881       1.58000
       9.33881       1.56100
       9.34881       1.54500
       9.35881       1.53100
       9.36881       1.51700
       9.37881       1.50300
       9.38881       1.49000
       9.39881       1.47800
       9.40981       1.46800
       9.41981       1.46100
       9.42981       1.45700
       9.43981       1.45700
       9.44981       1.46000
       9.45981       1.46600
       9.46981       1.47500
       9.47981       1.48700
       9.49081       1.50200
       9.50081       1.51900
       9.51081       1.53900
       9.52081       1.56300
       9.53081       1.59100
       9.54081       1.62100
       9.55081       1.65400
       9.56081       1.68600
       9.57081       1.71400
       9.58181       1.73700
       9.59181       1.75200
       9.60181       1.76100
       9.61181       1.76700
       9.62181       1.77300
       9.63181       1.78300
       9.64181       1.80000
       9.65181       1.82100
       9.66281       1.84600
       9.67281       1.86900
       9.68281       1.88800
       9.69281       1.90000
       9.70281       1.90900
       9.71281       1.91500
       9.72281       1.92400
       9.73281       1.93800
       9.74281       1.95700
       9.75381       1.98000
       9.76381       2.00300
       9.77381       2.02400
       9.78381       2.04100
       9.79381       2.05400
       9.80381       2.06300
       9.81381       2.07300
       9.82381       2.08500
       9.83481       2.10000
       9.84481       2.11600
       9.85481       2.13400
       9.86481       2.15100
       9.87481       2.16600
       9.88481       2.17900
       9.89481       2.18900
       9.90481       2.19600
       9.91481       2.20000
       9.92581       2.20200
       9.93581       2.20100
       9.94581       2.20000
       9.95581       2.20100
       9.96581       2.20300
       9.97581       2.21000
       9.98581       2.22200
       9.99581       2.23900
      10.00681       2.26000
      10.01681       2.28600
      10.02681       2.31400
      10.03681       2.34400
      10.04681       2.37500
      10.05681       2.40400
      10.06681       2.43200
      10.07681       2.45700
      10.08681       2.47700
      10.09781       2.49000
      10.10781       2.49600
      10.11781       2.49600
      10.12781       2.49200
      10.13781       2.48700
      10.14781       2.48400
      10.15781       2.48400
      10.16781       2.48400
      10.17881       2.48200
      10.18881       2.47200
      10.19881       2.45000
      10.20881       2.41500
      10.21881       2.36700
      10.22881       2.31100
      10.23881       2.25200
      10.24881       2.19800
      10.25881       2.15200
      10.26981       2.11600
      10.27981       2.08800
      10.28981       2.06500
      10.29981       2.04300
      10.30981       2.01900
      10.31981       1.99100
      10.32981       1.96100
      10.33981       1.92900
      10.35081       1.89800
      10.36081       1.86800
      10.37081       1.84000
      10.38081       1.81500
      10.39081       1.79200
      10.40081       1.77200
      10.41081       1.75400
      10.42081       1.74000
      10.43081       1.72700
      10.44181       1.71400
      10.45181       1.69800
      10.46181       1.67500
      10.47181       1.64600
      10.48181       1.60800
      10.49181       1.56600
      10.50181       1.52400
      10.51181       1.48500
      10.52281       1.45400
      10.53281       1.43000
      10.54281       1.41200
      10.55281       1.39700
      10.56281       1.38300
      10.57281       1.36700
      10.58281       1.34800
      10.59281       1.32500
      10.60281       1.30000
      10.61381       1.27300
      10.62381       1.24800
      10.63381       1.22500
      10.64381       1.20500
      10.65381       1.18800
      10.66381       1.17200
      10.67381       1.15700
      10.68381       1.14100
      10.69481       1.12400
      10.70481       1.10500
      10.71481       1.08600
      10.72481       1.06700
      10.73481       1.04900
      10.74481       1.03300
      10.75481       1.01800
      10.76481       1.00600
      10.77481       0.99480
      10.78581       0.98550
      10.79581       0.97700
      10.80581       0.96870
      10.81581       0.96010
      10.82581       0.95070
      10.83581       0.94070
      10.84581       0.93090
      10.85581       0.92230
      10.86681       0.91610
      10.87681       0.91310
      10.88681       0.91340
      10.89681       0.91650
      10.90681       0.92150
      10.91681       0.92720
      10.92681       0.93290
      10.93681       0.93840
      10.94681       0.94390
      10.95781       0.94970
      10.96781       0.95590
      10.97781       0.96250
      10.98781       0.96910
      10.99781       0.97570
      11.00781       0.98220
      11.01781       0.98880
      11.02781       0.99590
      11.03881       1.00400
      11.04881       1.01400
      11.05881       1.02700
      11.06881       1.04200
      11.07881       1.05900
      11.08881       1.07700
      11.09881       1.09700
      11.10881       1.11700
      11.11881       1.13600
      11.12981       1.15600
      11.13981       1.17500
      11.14981       1.19300
      11.15981       1.21100
      11.16981       1.22900
      11.17981       1.24700
      11.18981       1.26500
      11.19981       1.28500
      11.21081       1.30600
      11.22081       1.32900
      11.23081       1.35300
      11.24081       1.38000
      11.25081       1.41200
      11.26081       1.44800
      11.27081       1.49100
      11.28081       1.54000
      11.29081       1.59300
      11.30181       1.65000
      11.31181       1.70700
      11.32181       1.76200
      11.33181       1.80900
      11.34181       1.84300
      11.35181       1.86000
      11.36181       1.85500
      11.37181       1.83000
      11.38281       1.78700
      11.39281       1.73200
      11.40281       1.67100
      11.41281       1.61200
      11.42281       1.55900
      11.43281       1.51400
      11.44281       1.47900
      11.45281       1.45100
      11.46281       1.43100
      11.47381       1.41600
      11.48381       1.40600
      11.49381       1.39900
      11.50381       1.39500
      11.51381       1.39200
      11.52381       1.38900
      11.53381       1.38700
      11.54381       1.38600
      11.55481       1.38700
      11.56481       1.38900
      11.57481       1.39400
      11.58481       1.40100
      11.59481       1.41000
      11.60481       1.42000
      11.61481       1.43100
      11.62481       1.44200
      11.63481       1.45400
      11.64581       1.46700
      11.65581       1.48300
      11.66581       1.50000
      11.67581       1.52000
      11.68581       1.54400
      11.69581       1.57200
      11.70581       1.60300
      11.71581       1.63800
      11.72681       1.67400
      11.73681       1.70900
      11.74681       1.74200
      11.75681       1.77200
      11.76681       1.80000
      11.77681       1.82700
      11.78681       1.85400
      11.79681       1.88300
      11.80681       1.91200
      11.81781       1.93800
      11.82781       1.95900
      11.83781       1.97000
      11.84781       1.97200
      11.85781       1.96500
      11.86781       1.95000
      11.87781       1.93100
      11.88781       1.91000
      11.89881       1.88700
      11.90881       1.86000
      11.91881       1.82700
      11.92881       1.78600
      11.93881       1.73700
      11.94881       1.68100
      11.95881       1.62000
      11.96881       1.55800
      11.97881       1.49800
      11.98981       1.44200
      11.99981       1.39100
      12.00981       1.34500
      12.01981       1.30300
      12.02981       1.26300
      12.03981       1.22600
      12.04981       1.18900
      12.05981       1.15500
      12.07081       1.12200
      12.08081       1.09100
      12.09081       1.06300
      12.10081       1.03800
      12.11081       1.01600
      12.12081       0.99540
      12.13081       0.97630
      12.14081       0.95760
      12.15081       0.93840
      12.16181       0.91830
      12.17181       0.89770
      12.18181       0.87720
      12.19181       0.85760
      12.20181       0.83950
      12.21181       0.82300
      12.22181       0.80780
      12.23181       0.79320
      12.24281       0.77900
      12.25281       0.76490
      12.26281       0.75120
      12.27281       0.73810
      12.28281       0.72580
      12.29281       0.71380
      12.30281       0.70170
      12.31281       0.68900
      12.32281       0.67550
      12.33381       0.66170
      12.34381       0.64820
      12.35381       0.63600
      12.36381       0.62580
      12.37381       0.61770
      12.38381       0.61110
      12.39381       0.60460
      12.40381       0.59710
      12.41481       0.58760
      12.42481       0.57640
      12.43481       0.56410
      12.44481       0.55180
      12.45481       0.54030
      12.46481       0.53020
      12.47481       0.52140
      12.48481       0.51400
      12.49481       0.50790
      12.50581       0.50280
      12.51581       0.49790
      12.52581       0.49250
      12.53581       0.48580
      12.54581       0.47770
      12.55581       0.46860
      12.56581       0.45940
      12.57581       0.45110
      12.58681       0.44400
      12.59681       0.43830
      12.60681       0.43330
      12.61681       0.42820
      12.62681       0.42220
      12.63681       0.41510
      12.64681       0.40720
      12.65681       0.39950
      12.66681       0.39280
      12.67781       0.38790
      12.68781       0.38500
      12.69781       0.38330
      12.70781       0.38200
      12.71781       0.37960
      12.72781       0.37500
      12.73781       0.36760
      12.74781       0.35760
      12.75881       0.34610
      12.76881       0.33470
      12.77881       0.32510
      12.78881       0.31900
      12.79881       0.31690
      12.80881       0.31850
      12.81881       0.32230
      12.82881       0.32620
      12.83881       0.32780
      12.84981       0.32550
      12.85981       0.31840
      12.86981       0.30710
      12.87981       0.29330
      12.88981       0.27920
      12.89981       0.26740
      12.90981       0.25980
      12.91981       0.25750
      12.93081       0.26020
      12.94081       0.26640
      12.95081       0.27360
      12.96081       0.27920
      12.97081       0.28070
      12.98081       0.27700
      12.99081       0.26830
      13.00081       0.25600
      13.01081       0.24220
      13.02181       0.22900
      13.03181       0.21850
      13.04181       0.21200
      13.05181       0.21020
      13.06181       0.21280
      13.07181       0.21890
      13.08181       0.22650
      13.09181       0.23330
      13.10281       0.23700
      13.11281       0.23600
      13.12281       0.22990
      13.13281       0.21960
      13.14281       0.20710
      13.15281       0.19490
      13.16281       0.18510
      13.17281       0.17910
      13.18281       0.17730
      13.19381       0.17900
      13.20381       0.18300
      13.21381       0.18770
      13.22381       0.19180
      13.23381       0.19390
      13.24381       0.19330
      13.25381       0.18990
      13.26381       0.18370
      13.27481       0.17570
      13.28481       0.16690
      13.29481       0.15840
      13.30481       0.15150
      13.31481       0.14690
      13.32481       0.14530
      13.33481       0.14650
      13.34481       0.14990
      13.35481       0.15440
      13.36581       0.15850
      13.37581       0.16070
      13.38581       0.16010
      13.39581       0.15630
      13.40581       0.14980
      13.41581       0.14180
      13.42581       0.13390
      13.43581       0.12720
      13.44681       0.12260
      13.45681       0.12030
      13.46681       0.11980
      13.47681       0.12050
      13.48681       0.12190
      13.49681       0.12340
      13.50681       0.12470
      13.51681       0.12540
      13.52681       0.12520
      13.53781       0.12360
      13.54781       0.12050
      13.55781       0.11610
      13.56781       0.11080
      13.57781       0.10540
      13.58781       0.10080
      13.59781       0.09762
      13.60781       0.09616
      13.61881       0.09631
      13.62881       0.09756
      13.63881       0.09916
      13.64881       0.10030
      13.65881       0.10040
      13.66881       0.09918
      13.67881       0.09670
      13.68881       0.09336
      13.69881       0.08966
      13.70981       0.08609
      13.71981       0.08299
      13.72981       0.08051
      13.73981       0.07868
      13.74981       0.07747
      13.75981       0.07678
      13.76981       0.07653
      13.77981       0.07659
      13.79081       0.07676
      13.80081       0.07679
      13.81081       0.07640
      13.82081       0.07534
      13.83081       0.07348
      13.84081       0.07086
      13.85081       0.06774
      13.86081       0.06448
      13.87081       0.06151
      13.88181       0.05919
      13.89181       0.05773
      13.90181       0.05716
      13.91181       0.05734
      13.92181       0.05795
      13.93181       0.05857
      13.94181       0.05880
      13.95181       0.05835
      13.96281       0.05713
      13.97281       0.05527
      13.98281       0.05307
      13.99281       0.05086
      14.00281       0.04892
      14.01281       0.04737
      14.02281       0.04614
      14.03281       0.04513
      14.04281       0.04422
      14.05381       0.04341
      14.06381       0.04276
      14.07381       0.04231
      14.08381       0.04202
      14.09381       0.04167
      14.10381       0.04100
      14.11381       0.03979
      14.12381       0.03804
      14.13481       0.03594
      14.14481       0.03386
      14.15481       0.03214
      14.16481       0.03100
      14.17481       0.03040
      14.18481       0.03016
      14.19481       0.03006
      14.20481       0.02991
      14.21481       0.02965
      14.22581       0.02929
      14.23581       0.02888
      14.24581       0.02840
      14.25581       0.02780
      14.26581       0.02702
      14.27581       0.02601
      14.28581       0.02481
      14.29581       0.02351
      14.30681       0.02221
      14.31681       0.02103
      14.32681       0.02002
      14.33681       0.01920
      14.34681       0.01854
      14.35681       0.01799
      14.36681       0.01749
      14.37681       0.01699
      14.38681       0.01645
      14.39781       0.01582
      14.40781       0.01511
      14.41781       0.01431
      14.42781       0.01345
      14.43781       0.01259
      14.44781       0.01178
      14.45781       0.01103
      14.46781       0.01034
      14.47881       0.00967
      14.48881       0.00897
      14.49881       0.00822
      14.50881       0.00742
      14.51881       0.00665
      14.52881       0.00596
      14.53881       0.00538
      14.54881       0.00491
      14.55881       0.00449
      14.56981       0.00404
      14.57981       0.00352
      14.58981       0.00293
      14.59981       0.00230
      14.60981       0.00170
      14.61981       0.00117
      14.62981       0.00075
      14.63981       0.00045
      14.65081       0.00025
      14.66081       0.00013
      14.67081       0.00006
      14.68081       0.00003
      14.69081       0.00001
      14.70081       0.00000
      14.71081       0.00000
      14.72081       0.00000
      14.73081       0.00000
      14.74181       0.00000
      14.75181       0.00000
      14.76181       0.00000
      14.77181       0.00000
      14.78181       0.00000
      14.79181       0.00000
      14.80181       0.00000
      14.81181       0.00000
      14.82281       0.00000
      14.83281       0.00000
      14.84281       0.00000
      14.85281       0.00000
      14.86281       0.00000
      14.87281       0.00000
      14.88281       0.00000
      14.89281       0.00000
      14.90281       0.00000
      14.91381       0.00000
      14.92381       0.00000
      14.93381       0.00000
      14.94381       0.00000
      14.95381       0.00000
      14.96381       0.00000
      14.97381       0.00000
      14.98381       0.00000
      14.99481       0.00000
      15.00481       0.00000
      15.01481       0.00000
      15.02481       0.00000
      15.03481       0.00000
      15.04481       0.00000
      15.05481       0.00000
      15.06481       0.00000
      15.07481       0.00000
      15.08581       0.00000
      15.09581       0.00000
      15.10581       0.00000
      15.11581       0.00000
      15.12581       0.00000
      15.13581       0.00000
      15.14581       0.00000
      15.15581       0.00000
      15.16681       0.00000
      15.17681       0.00000
      15.18681       0.00000
      15.19681       0.00000
      15.20681       0.00000
      15.21681       0.00000
      15.22681       0.00000
      15.23681       0.00000
      15.24681       0.00000
      15.25781       0.00000
      15.26781       0.00000
      15.27781       0.00000
      15.28781       0.00000
      15.29781       0.00000
      15.30781       0.00000
      15.31781       0.00000
      15.32781       0.00000
      15.33881       0.00000
      15.34881       0.00000
      15.35881       0.00000
      15.36881       0.00000
      15.37881       0.00000
      15.38881       0.00000
      15.39881       0.00000
      15.40881       0.00000
      15.41881       0.00000
      15.42981       0.00000
      15.43981       0.00000
      15.44981       0.00000
      15.45981       0.00000
      15.46981       0.00000
      15.47981       0.00000
      15.48981       0.00000
      15.49981       0.00000
      15.51081       0.00000
      15.52081       0.00000
      15.53081       0.00000
      15.54081       0.00000
      15.55081       0.00000
      15.56081       0.00000
      15.57081       0.00000
      15.58081       0.00000
      15.59081       0.00000
      15.60181       0.00000
      15.61181       0.00000
      15.62181       0.00000
      15.63181       0.00000
      15.64181       0.00000
      15.65181       0.00000
      15.66181       0.00000
      15.67181       0.00000
      15.68281       0.00000
      15.69281       0.00000
      15.70281       0.00000
      15.71281       0.00000
      15.72281       0.00000
      15.73281       0.00000
      15.74281       0.00000
      15.75281       0.00000
      15.76281       0.00000
      15.77381       0.00000
      15.78381       0.00000
      15.79381       0.00000
      15.80381       0.00000
      15.81381       0.00000
      15.82381       0.00000
      15.83381       0.00000
      15.84381       0.00000
      15.85481       0.00000
      15.86481       0.00000
      15.87481       0.00000
      15.88481       0.00000
      15.89481       0.00000
      15.90481       0.00000
      15.91481       0.00000
      15.92481       0.00000
      15.93481       0.00000
      15.94581       0.00000
      15.95581       0.00000
      15.96581       0.00000
