#K-Path(1/A) Energy-Level(eV)
# NKPTS & NBANDS: 400   8
# Band-Index    1
   0.00000    -12.949761
   0.02883    -12.949093
   0.05766    -12.947077
   0.08649    -12.943730
   0.11532    -12.939069
   0.14415    -12.933128
   0.17298    -12.925937
   0.20181    -12.917550
   0.23064    -12.908028
   0.25947    -12.897423
   0.28830    -12.885804
   0.31713    -12.873247
   0.34596    -12.859832
   0.37479    -12.845654
   0.40362    -12.830804
   0.43245    -12.815383
   0.46128    -12.799484
   0.49011    -12.783215
   0.51895    -12.766677
   0.54778    -12.749982
   0.57661    -12.733236
   0.60544    -12.716555
   0.63427    -12.700051
   0.66310    -12.683824
   0.69193    -12.667987
   0.72076    -12.652636
   0.74959    -12.637870
   0.77842    -12.623785
   0.80725    -12.610476
   0.83608    -12.598027
   0.86491    -12.586519
   0.89374    -12.576021
   0.92257    -12.566592
   0.95140    -12.558302
   0.98023    -12.551197
   1.00906    -12.545331
   1.03789    -12.540725
   1.06672    -12.537414
   1.09555    -12.535425
   1.12438    -12.534760
   1.12438    -12.534760
   1.13880    -12.534748
   1.15321    -12.534707
   1.16763    -12.534637
   1.18204    -12.534539
   1.19646    -12.534416
   1.21087    -12.534267
   1.22529    -12.534092
   1.23970    -12.533894
   1.25412    -12.533673
   1.26853    -12.533431
   1.28295    -12.533169
   1.29736    -12.532890
   1.31178    -12.532594
   1.32619    -12.532283
   1.34061    -12.531959
   1.35502    -12.531625
   1.36944    -12.531283
   1.38385    -12.530934
   1.39827    -12.530584
   1.41268    -12.530233
   1.42710    -12.529882
   1.44151    -12.529535
   1.45593    -12.529194
   1.47034    -12.528861
   1.48476    -12.528537
   1.49918    -12.528228
   1.51359    -12.527929
   1.52801    -12.527651
   1.54242    -12.527390
   1.55684    -12.527149
   1.57125    -12.526926
   1.58567    -12.526728
   1.60008    -12.526553
   1.61450    -12.526402
   1.62891    -12.526276
   1.64333    -12.526179
   1.65774    -12.526110
   1.67216    -12.526069
   1.68657    -12.526058
   1.68657    -12.526058
   1.69677    -12.526079
   1.70696    -12.526142
   1.71715    -12.526244
   1.72734    -12.526382
   1.73754    -12.526554
   1.74773    -12.526754
   1.75792    -12.526987
   1.76812    -12.527243
   1.77831    -12.527521
   1.78850    -12.527819
   1.79870    -12.528135
   1.80889    -12.528465
   1.81908    -12.528808
   1.82927    -12.529162
   1.83947    -12.529523
   1.84966    -12.529888
   1.85985    -12.530255
   1.87005    -12.530622
   1.88024    -12.530988
   1.89043    -12.531350
   1.90063    -12.531706
   1.91082    -12.532054
   1.92101    -12.532392
   1.93121    -12.532718
   1.94140    -12.533033
   1.95159    -12.533335
   1.96178    -12.533619
   1.97198    -12.533885
   1.98217    -12.534132
   1.99236    -12.534359
   2.00256    -12.534564
   2.01275    -12.534748
   2.02294    -12.534909
   2.03314    -12.535047
   2.04333    -12.535162
   2.05352    -12.535252
   2.06371    -12.535317
   2.07391    -12.535356
   2.08410    -12.535369
   2.08410    -12.535369
   2.11468    -12.537353
   2.14526    -12.539977
   2.17584    -12.543320
   2.20642    -12.547444
   2.23700    -12.552419
   2.26758    -12.558293
   2.29815    -12.565110
   2.32873    -12.572906
   2.35931    -12.581684
   2.38989    -12.591451
   2.42047    -12.602197
   2.45105    -12.613900
   2.48163    -12.626518
   2.51221    -12.640019
   2.54279    -12.654322
   2.57337    -12.669342
   2.60395    -12.684988
   2.63453    -12.701157
   2.66510    -12.717742
   2.69568    -12.734623
   2.72626    -12.751679
   2.75684    -12.768775
   2.78742    -12.785779
   2.81800    -12.802563
   2.84858    -12.818993
   2.87916    -12.834934
   2.90974    -12.850273
   2.94032    -12.864876
   2.97090    -12.878629
   3.00148    -12.891419
   3.03205    -12.903146
   3.06263    -12.913718
   3.09321    -12.923058
   3.12379    -12.931093
   3.15437    -12.937750
   3.18495    -12.942981
   3.21553    -12.946744
   3.24611    -12.949009
   3.27669    -12.949761
   3.27669    -12.949761
   3.30166    -12.949261
   3.32662    -12.947750
   3.35159    -12.945236
   3.37656    -12.941731
   3.40153    -12.937257
   3.42649    -12.931834
   3.45146    -12.925494
   3.47643    -12.918275
   3.50140    -12.910218
   3.52636    -12.901356
   3.55133    -12.891749
   3.57630    -12.881445
   3.60127    -12.870502
   3.62624    -12.858986
   3.65120    -12.846964
   3.67617    -12.834512
   3.70114    -12.821704
   3.72611    -12.808613
   3.75107    -12.795320
   3.77604    -12.781911
   3.80101    -12.768469
   3.82598    -12.755087
   3.85095    -12.741855
   3.87591    -12.728860
   3.90088    -12.716195
   3.92585    -12.703942
   3.95082    -12.692187
   3.97578    -12.681014
   4.00075    -12.670504
   4.02572    -12.660735
   4.05069    -12.651783
   4.07566    -12.643719
   4.10062    -12.636605
   4.12559    -12.630487
   4.15056    -12.625416
   4.17553    -12.621429
   4.20049    -12.618554
   4.22546    -12.616819
   4.25043    -12.616234
   4.25043    -12.616234
   4.26809    -12.616127
   4.28574    -12.615805
   4.30339    -12.615273
   4.32105    -12.614528
   4.33870    -12.613577
   4.35636    -12.612429
   4.37401    -12.611079
   4.39167    -12.609539
   4.40932    -12.607814
   4.42698    -12.605915
   4.44463    -12.603850
   4.46229    -12.601630
   4.47994    -12.599263
   4.49760    -12.596762
   4.51525    -12.594137
   4.53291    -12.591404
   4.55056    -12.588574
   4.56822    -12.585663
   4.58587    -12.582685
   4.60353    -12.579657
   4.62118    -12.576592
   4.63884    -12.573509
   4.65649    -12.570424
   4.67415    -12.567353
   4.69180    -12.564318
   4.70946    -12.561333
   4.72711    -12.558418
   4.74477    -12.555591
   4.76242    -12.552870
   4.78008    -12.550273
   4.79773    -12.547817
   4.81539    -12.545523
   4.83304    -12.543407
   4.85070    -12.541484
   4.86835    -12.539773
   4.88601    -12.538291
   4.90366    -12.537052
   4.92132    -12.536074
   4.93897    -12.535369
   4.93897    -12.535369
   4.94916    -12.535356
   4.95936    -12.535317
   4.96955    -12.535252
   4.97974    -12.535162
   4.98994    -12.535047
   5.00013    -12.534909
   5.01032    -12.534748
   5.02051    -12.534564
   5.03071    -12.534358
   5.04090    -12.534132
   5.05109    -12.533885
   5.06129    -12.533619
   5.07148    -12.533335
   5.08167    -12.533032
   5.09187    -12.532718
   5.10206    -12.532392
   5.11225    -12.532054
   5.12245    -12.531706
   5.13264    -12.531350
   5.14283    -12.530988
   5.15302    -12.530622
   5.16322    -12.530255
   5.17341    -12.529885
   5.18360    -12.529520
   5.19380    -12.529160
   5.20399    -12.528805
   5.21418    -12.528465
   5.22438    -12.528135
   5.23457    -12.527820
   5.24476    -12.527522
   5.25495    -12.527243
   5.26515    -12.526987
   5.27534    -12.526754
   5.28553    -12.526551
   5.29573    -12.526380
   5.30592    -12.526242
   5.31611    -12.526140
   5.32631    -12.526079
   5.33650    -12.526058
   5.33650    -12.526058
   5.35689    -12.526204
   5.37727    -12.526651
   5.39766    -12.527392
   5.41804    -12.528423
   5.43843    -12.529741
   5.45882    -12.531330
   5.47920    -12.533189
   5.49959    -12.535294
   5.51997    -12.537635
   5.54036    -12.540195
   5.56075    -12.542959
   5.58113    -12.545907
   5.60152    -12.549018
   5.62190    -12.552270
   5.64229    -12.555642
   5.66268    -12.559112
   5.68306    -12.562656
   5.70345    -12.566251
   5.72383    -12.569875
   5.74422    -12.573502
   5.76461    -12.577111
   5.78499    -12.580679
   5.80538    -12.584184
   5.82577    -12.587602
   5.84615    -12.590911
   5.86654    -12.594091
   5.88692    -12.597120
   5.90731    -12.599979
   5.92770    -12.602654
   5.94808    -12.605126
   5.96847    -12.607380
   5.98885    -12.609402
   6.00924    -12.611182
   6.02963    -12.612706
   6.05001    -12.613967
   6.07040    -12.614956
   6.09078    -12.615664
   6.11117    -12.616091
   6.13156    -12.616234
   6.13156    -12.616234
   6.14921    -12.616127
   6.16687    -12.615807
   6.18452    -12.615274
   6.20218    -12.614530
   6.21983    -12.613579
   6.23749    -12.612429
   6.25514    -12.611079
   6.27280    -12.609539
   6.29045    -12.607814
   6.30811    -12.605915
   6.32576    -12.603850
   6.34342    -12.601630
   6.36107    -12.599263
   6.37873    -12.596762
   6.39638    -12.594137
   6.41403    -12.591404
   6.43169    -12.588574
   6.44934    -12.585663
   6.46700    -12.582685
   6.48465    -12.579657
   6.50231    -12.576592
   6.51996    -12.573509
   6.53762    -12.570424
   6.55527    -12.567353
   6.57293    -12.564318
   6.59058    -12.561333
   6.60824    -12.558418
   6.62589    -12.555591
   6.64355    -12.552870
   6.66120    -12.550273
   6.67886    -12.547817
   6.69651    -12.545523
   6.71417    -12.543407
   6.73182    -12.541484
   6.74948    -12.539773
   6.76713    -12.538291
   6.78479    -12.537052
   6.80244    -12.536074
   6.82010    -12.535369
   6.82010    -12.535369
   6.83029    -12.534841
   6.84048    -12.534374
   6.85068    -12.533964
   6.86087    -12.533608
   6.87106    -12.533304
   6.88126    -12.533047
   6.89145    -12.532836
   6.90164    -12.532667
   6.91183    -12.532537
   6.92203    -12.532443
   6.93222    -12.532383
   6.94241    -12.532353
   6.95261    -12.532352
   6.96280    -12.532375
   6.97299    -12.532421
   6.98319    -12.532487
   6.99338    -12.532570
   7.00357    -12.532668
   7.01376    -12.532778
   7.02396    -12.532898
   7.03415    -12.533028
   7.04434    -12.533163
   7.05454    -12.533302
   7.06473    -12.533443
   7.07492    -12.533583
   7.08512    -12.533722
   7.09531    -12.533857
   7.10550    -12.533987
   7.11570    -12.534110
   7.12589    -12.534226
   7.13608    -12.534332
   7.14627    -12.534428
   7.15647    -12.534515
   7.16666    -12.534589
   7.17685    -12.534651
   7.18705    -12.534699
   7.19724    -12.534734
   7.20743    -12.534754
   7.21763    -12.534760
 
# Band-Index    2
   7.21763     -1.981754
   7.20743     -1.981569
   7.19724     -1.981013
   7.18705     -1.980086
   7.17685     -1.978750
   7.16666     -1.976997
   7.15647     -1.974963
   7.14627     -1.972057
   7.13608     -1.969294
   7.12589     -1.966163
   7.11570     -1.962666
   7.10550     -1.958806
   7.09531     -1.954558
   7.08512     -1.949972
   7.07492     -1.945027
   7.06473     -1.939723
   7.05454     -1.934063
   7.04434     -1.928048
   7.03415     -1.921681
   7.02396     -1.914963
   7.01376     -1.907899
   7.00357     -1.900489
   6.99338     -1.892737
   6.98319     -1.884646
   6.97299     -1.876218
   6.96280     -1.867718
   6.95261     -1.858631
   6.94241     -1.849216
   6.93222     -1.839479
   6.92203     -1.829422
   6.91183     -1.819049
   6.90164     -1.808364
   6.89145     -1.797372
   6.88126     -1.786076
   6.87106     -1.774481
   6.86087     -1.762591
   6.85068     -1.750412
   6.84048     -1.737947
   6.83029     -1.725202
   6.82010     -1.712182
   6.82010     -1.712182
   6.80244     -1.700375
   6.78479     -1.691502
   6.76713     -1.688413
   6.74948     -1.691518
   6.73182     -1.700637
   6.71417     -1.714804
   6.69651     -1.732717
   6.67886     -1.753231
   6.66120     -1.775535
   6.64355     -1.798793
   6.62589     -1.822619
   6.60824     -1.846680
   6.59058     -1.870732
   6.57293     -1.894592
   6.55527     -1.917889
   6.53762     -1.941502
   6.51996     -1.964064
   6.50231     -1.986005
   6.48465     -2.007257
   6.46700     -2.027761
   6.44934     -2.047465
   6.43169     -2.066325
   6.41403     -2.084444
   6.39638     -2.101475
   6.37873     -2.117569
   6.36107     -2.132674
   6.34342     -2.146765
   6.32576     -2.159166
   6.30811     -2.171158
   6.29045     -2.182067
   6.27280     -2.191963
   6.25514     -2.200655
   6.23749     -2.208214
   6.21983     -2.213819
   6.20218     -2.219086
   6.18452     -2.223190
   6.16687     -2.225852
   6.14921     -2.227510
   6.13156     -2.228100
   6.13156     -2.228100
   6.11117     -2.227314
   6.09078     -2.225068
   6.07040     -2.221757
   6.05001     -2.216294
   6.02963     -2.209287
   6.00924     -2.201282
   5.98885     -2.191222
   5.96847     -2.179691
   5.94808     -2.166578
   5.92770     -2.152150
   5.90731     -2.136318
   5.88692     -2.119234
   5.86654     -2.100710
   5.84615     -2.080902
   5.82577     -2.059856
   5.80538     -2.037627
   5.78499     -2.014247
   5.76461     -1.989516
   5.74422     -1.964105
   5.72383     -1.937770
   5.70345     -1.910592
   5.68306     -1.882869
   5.66268     -1.854290
   5.64229     -1.825161
   5.62190     -1.795603
   5.60152     -1.765842
   5.58113     -1.735668
   5.56075     -1.705726
   5.54036     -1.676028
   5.51997     -1.647131
   5.49959     -1.618730
   5.47920     -1.591470
   5.45882     -1.565174
   5.43843     -1.541741
   5.41804     -1.520344
   5.39766     -1.502865
   5.37727     -1.489715
   5.35689     -1.481463
   5.33650     -1.478626
   5.33650     -1.478626
   5.32631     -1.489448
   5.31611     -1.500266
   5.30592     -1.510865
   5.29573     -1.521238
   5.28553     -1.531382
   5.27534     -1.541289
   5.26515     -1.551399
   5.25495     -1.560826
   5.24476     -1.570002
   5.23457     -1.578922
   5.22438     -1.587582
   5.21418     -1.595977
   5.20399     -1.603769
   5.19380     -1.611797
   5.18360     -1.619379
   5.17341     -1.626680
   5.16322     -1.633697
   5.15302     -1.640425
   5.14283     -1.646862
   5.13264     -1.653004
   5.12245     -1.658862
   5.11225     -1.664406
   5.10206     -1.669647
   5.09187     -1.674582
   5.08167     -1.679210
   5.07148     -1.684446
   5.06129     -1.688455
   5.05109     -1.692149
   5.04090     -1.695527
   5.03071     -1.698588
   5.02051     -1.701329
   5.01032     -1.703750
   5.00013     -1.705849
   4.98994     -1.707626
   4.97974     -1.709529
   4.96955     -1.710665
   4.95936     -1.711532
   4.94916     -1.712020
   4.93897     -1.712182
   4.93897     -1.712182
   4.92132     -1.700375
   4.90366     -1.691502
   4.88601     -1.688414
   4.86835     -1.691518
   4.85070     -1.700638
   4.83304     -1.714805
   4.81539     -1.732718
   4.79773     -1.753231
   4.78008     -1.775535
   4.76242     -1.798793
   4.74477     -1.822619
   4.72711     -1.846680
   4.70946     -1.870732
   4.69180     -1.894592
   4.67415     -1.917889
   4.65649     -1.941502
   4.63884     -1.964064
   4.62118     -1.986005
   4.60353     -2.007257
   4.58587     -2.027761
   4.56822     -2.047465
   4.55056     -2.066325
   4.53291     -2.084444
   4.51525     -2.101475
   4.49760     -2.117569
   4.47994     -2.132674
   4.46229     -2.146765
   4.44463     -2.159166
   4.42698     -2.171158
   4.40932     -2.182067
   4.39167     -2.191963
   4.37401     -2.200655
   4.35636     -2.208214
   4.33870     -2.213817
   4.32105     -2.219084
   4.30339     -2.223188
   4.28574     -2.225850
   4.26809     -2.227510
   4.25043     -2.228100
   4.25043     -2.228100
   4.22546     -2.227184
   4.20049     -2.219582
   4.17553     -2.207045
   4.15056     -2.189310
   4.12559     -2.166594
   4.10062     -2.138980
   4.07566     -2.106565
   4.05069     -2.069470
   4.02572     -2.027828
   4.00075     -1.981794
   3.97578     -1.931534
   3.95082     -1.877011
   3.92585     -1.818883
   3.90088     -1.757147
   3.87591     -1.692196
   3.85095     -1.623999
   3.82598     -1.552987
   3.80101     -1.479465
   3.77604     -1.403085
   3.75107     -1.325607
   3.72611     -1.247295
   3.70114     -1.167383
   3.67617     -1.085169
   3.65120     -1.004516
   3.62624     -0.925543
   3.60127     -0.845136
   3.57630     -0.768623
   3.55133     -0.693516
   3.52636     -0.621317
   3.50140     -0.554354
   3.47643     -0.490256
   3.45146     -0.430343
   3.42649     -0.377274
   3.40153     -0.330830
   3.37656     -0.289543
   3.35159     -0.258483
   3.32662     -0.235894
   3.30166     -0.222174
   3.27669     -0.217573
   3.27669     -0.217573
   3.24611     -0.223943
   3.21553     -0.243513
   3.18495     -0.275493
   3.15437     -0.320555
   3.12379     -0.375349
   3.09321     -0.438117
   3.06263     -0.508078
   3.03205     -0.584302
   3.00148     -0.664256
   2.97090     -0.748081
   2.94032     -0.833247
   2.90974     -0.920772
   2.87916     -1.006502
   2.84858     -1.090668
   2.81800     -1.171439
   2.78742     -1.251449
   2.75684     -1.326038
   2.72626     -1.396022
   2.69568     -1.460847
   2.66510     -1.520032
   2.63453     -1.572856
   2.60395     -1.619630
   2.57337     -1.659717
   2.54279     -1.692889
   2.51221     -1.718979
   2.48163     -1.737820
   2.45105     -1.749513
   2.42047     -1.753942
   2.38989     -1.751209
   2.35931     -1.741447
   2.32873     -1.724850
   2.29815     -1.700379
   2.26758     -1.671024
   2.23700     -1.636030
   2.20642     -1.595140
   2.17584     -1.583113
   2.14526     -1.628153
   2.11468     -1.671524
   2.08410     -1.712182
   2.08410     -1.712182
   2.07391     -1.712019
   2.06371     -1.711532
   2.05352     -1.710664
   2.04333     -1.709529
   2.03314     -1.707626
   2.02294     -1.705849
   2.01275     -1.703750
   2.00256     -1.701329
   1.99236     -1.698587
   1.98217     -1.695527
   1.97198     -1.692149
   1.96178     -1.688455
   1.95159     -1.684446
   1.94140     -1.679209
   1.93121     -1.674582
   1.92101     -1.669647
   1.91082     -1.664406
   1.90063     -1.658862
   1.89043     -1.653003
   1.88024     -1.646861
   1.87005     -1.640425
   1.85985     -1.633696
   1.84966     -1.626680
   1.83947     -1.619379
   1.82927     -1.611797
   1.81908     -1.603769
   1.80889     -1.595969
   1.79870     -1.587574
   1.78850     -1.578914
   1.77831     -1.569994
   1.76812     -1.560818
   1.75792     -1.551391
   1.74773     -1.541281
   1.73754     -1.531381
   1.72734     -1.521238
   1.71715     -1.510864
   1.70696     -1.500265
   1.69677     -1.489448
   1.68657     -1.478626
   1.68657     -1.478626
   1.67216     -1.500584
   1.65774     -1.522524
   1.64333     -1.544203
   1.62891     -1.565594
   1.61450     -1.587004
   1.60008     -1.608207
   1.58567     -1.628585
   1.57125     -1.648568
   1.55684     -1.668134
   1.54242     -1.687259
   1.52801     -1.705921
   1.51359     -1.724100
   1.49918     -1.742464
   1.48476     -1.759086
   1.47034     -1.775716
   1.45593     -1.791790
   1.44151     -1.807290
   1.42710     -1.822202
   1.41268     -1.836511
   1.39827     -1.850203
   1.38385     -1.863267
   1.36944     -1.875779
   1.35502     -1.887548
   1.34061     -1.898655
   1.32619     -1.909114
   1.31178     -1.918866
   1.29736     -1.927927
   1.28295     -1.936290
   1.26853     -1.943948
   1.25412     -1.950920
   1.23970     -1.957149
   1.22529     -1.962655
   1.21087     -1.968283
   1.19646     -1.972341
   1.18204     -1.975665
   1.16763     -1.978332
   1.15321     -1.980271
   1.13880     -1.981383
   1.12438     -1.981754
   1.12438     -1.981754
   1.09555     -1.980102
   1.06672     -1.974323
   1.03789     -1.966085
   1.00906     -1.954500
   0.98023     -1.938095
   0.95140     -1.919784
   0.92257     -1.898016
   0.89374     -1.873997
   0.86491     -1.845290
   0.83608     -1.813031
   0.80725     -1.777779
   0.77842     -1.738379
   0.74959     -1.695397
   0.72076     -1.648858
   0.69193     -1.598484
   0.66310     -1.545022
   0.63427     -1.488234
   0.60544     -1.428252
   0.57661     -1.365247
   0.54778     -1.299432
   0.51895     -1.229899
   0.49011     -1.159323
   0.46128     -1.086780
   0.43245     -1.012879
   0.40362     -0.938014
   0.37479     -0.864227
   0.34596     -0.786784
   0.31713     -0.713415
   0.28830     -0.641238
   0.25947     -0.573000
   0.23064     -0.506972
   0.20181     -0.445773
   0.17298     -0.389722
   0.14415     -0.340116
   0.11532     -0.295760
   0.08649     -0.261968
   0.05766     -0.237239
   0.02883     -0.222179
   0.00000     -0.217573
 
# Band-Index    3
   0.00000     -0.216825
   0.02883     -0.218449
   0.05766     -0.221941
   0.08649     -0.227688
   0.11532     -0.235653
   0.14415     -0.246418
   0.17298     -0.258632
   0.20181     -0.272791
   0.23064     -0.289957
   0.25947     -0.307697
   0.28830     -0.326935
   0.31713     -0.347578
   0.34596     -0.368909
   0.37479     -0.392233
   0.40362     -0.415320
   0.43245     -0.439825
   0.46128     -0.464823
   0.49011     -0.491878
   0.51895     -0.517357
   0.54778     -0.544178
   0.57661     -0.569499
   0.60544     -0.594475
   0.63427     -0.618956
   0.66310     -0.642801
   0.69193     -0.665875
   0.72076     -0.688046
   0.74959     -0.709195
   0.77842     -0.729211
   0.80725     -0.747994
   0.83608     -0.765030
   0.86491     -0.781091
   0.89374     -0.795659
   0.92257     -0.808571
   0.95140     -0.819964
   0.98023     -0.829681
   1.00906     -0.840141
   1.03789     -0.846429
   1.06672     -0.850936
   1.09555     -0.853938
   1.12438     -0.854845
   1.12438     -0.854845
   1.13880     -0.855311
   1.15321     -0.856956
   1.16763     -0.859780
   1.18204     -0.862996
   1.19646     -0.868200
   1.21087     -0.874519
   1.22529     -0.881672
   1.23970     -0.890169
   1.25412     -0.899713
   1.26853     -0.909890
   1.28295     -0.921461
   1.29736     -0.933986
   1.31178     -0.947429
   1.32619     -0.961752
   1.34061     -0.976055
   1.35502     -0.992048
   1.36944     -1.008798
   1.38385     -1.024956
   1.39827     -1.043104
   1.41268     -1.062076
   1.42710     -1.081434
   1.44151     -1.101326
   1.45593     -1.121706
   1.47034     -1.142528
   1.48476     -1.163734
   1.49918     -1.185768
   1.51359     -1.207652
   1.52801     -1.229797
   1.54242     -1.252160
   1.55684     -1.274698
   1.57125     -1.297363
   1.58567     -1.320128
   1.60008     -1.342945
   1.61450     -1.365316
   1.62891     -1.388075
   1.64333     -1.410839
   1.65774     -1.433505
   1.67216     -1.456038
   1.68657     -1.478201
   1.68657     -1.478201
   1.69677     -1.467531
   1.70696     -1.457186
   1.71715     -1.447432
   1.72734     -1.438321
   1.73754     -1.429897
   1.74773     -1.422265
   1.75792     -1.415863
   1.76812     -1.409621
   1.77831     -1.404115
   1.78850     -1.399326
   1.79870     -1.395226
   1.80889     -1.391776
   1.81908     -1.388362
   1.82927     -1.386799
   1.83947     -1.385071
   1.84966     -1.383790
   1.85985     -1.382904
   1.87005     -1.382363
   1.88024     -1.382117
   1.89043     -1.382122
   1.90063     -1.382403
   1.91082     -1.382781
   1.92101     -1.383294
   1.93121     -1.383910
   1.94140     -1.384600
   1.95159     -1.385874
   1.96178     -1.386641
   1.97198     -1.387421
   1.98217     -1.388188
   1.99236     -1.388924
   2.00256     -1.389615
   2.01275     -1.390251
   2.02294     -1.390821
   2.03314     -1.391315
   2.04333     -1.391905
   2.05352     -1.392234
   2.06371     -1.392520
   2.07391     -1.392667
   2.08410     -1.392716
   2.08410     -1.392716
   2.11468     -1.448571
   2.14526     -1.500505
   2.17584     -1.550093
   2.20642     -1.534703
   2.23700     -1.486368
   2.26758     -1.436086
   2.29815     -1.384430
   2.32873     -1.331683
   2.35931     -1.277935
   2.38989     -1.223476
   2.42047     -1.168538
   2.45105     -1.113360
   2.48163     -1.057056
   2.51221     -1.002117
   2.54279     -0.947663
   2.57337     -0.893927
   2.60395     -0.841141
   2.63453     -0.789528
   2.66510     -0.739775
   2.69568     -0.691194
   2.72626     -0.644383
   2.75684     -0.599511
   2.78742     -0.556729
   2.81800     -0.515690
   2.84858     -0.478373
   2.87916     -0.442776
   2.90974     -0.409686
   2.94032     -0.378968
   2.97090     -0.351015
   3.00148     -0.325810
   3.03205     -0.303281
   3.06263     -0.283399
   3.09321     -0.264955
   3.12379     -0.250460
   3.15437     -0.238118
   3.18495     -0.228833
   3.21553     -0.222293
   3.24611     -0.218358
   3.27669     -0.216825
   3.27669     -0.216825
   3.30166     -0.217296
   3.32662     -0.218705
   3.35159     -0.221040
   3.37656     -0.224284
   3.40153     -0.228641
   3.42649     -0.233637
   3.45146     -0.239446
   3.47643     -0.246923
   3.50140     -0.254261
   3.52636     -0.261852
   3.55133     -0.270487
   3.57630     -0.279663
   3.60127     -0.289186
   3.62624     -0.299282
   3.65120     -0.309134
   3.67617     -0.321091
   3.70114     -0.332437
   3.72611     -0.343471
   3.75107     -0.353795
   3.77604     -0.364874
   3.80101     -0.376673
   3.82598     -0.387514
   3.85095     -0.398119
   3.87591     -0.408423
   3.90088     -0.417883
   3.92585     -0.427416
   3.95082     -0.436472
   3.97578     -0.445583
   4.00075     -0.453543
   4.02572     -0.460880
   4.05069     -0.467553
   4.07566     -0.473526
   4.10062     -0.478766
   4.12559     -0.483245
   4.15056     -0.486937
   4.17553     -0.489825
   4.20049     -0.490753
   4.22546     -0.492006
   4.25043     -0.492276
   4.25043     -0.492276
   4.26809     -0.493698
   4.28574     -0.499148
   4.30339     -0.506331
   4.32105     -0.516201
   4.33870     -0.528766
   4.35636     -0.543984
   4.37401     -0.561674
   4.39167     -0.581766
   4.40932     -0.603183
   4.42698     -0.629054
   4.44463     -0.655712
   4.46229     -0.684562
   4.47994     -0.714759
   4.49760     -0.746476
   4.51525     -0.779547
   4.53291     -0.814540
   4.55056     -0.849659
   4.56822     -0.885221
   4.58587     -0.922056
   4.60353     -0.959385
   4.62118     -0.996628
   4.63884     -1.034443
   4.65649     -1.072224
   4.67415     -1.109186
   4.69180     -1.146747
   4.70946     -1.183315
   4.72711     -1.219039
   4.74477     -1.253656
   4.76242     -1.286850
   4.78008     -1.318223
   4.79773     -1.346626
   4.81539     -1.373228
   4.83304     -1.395332
   4.85070     -1.412099
   4.86835     -1.422324
   4.88601     -1.425375
   4.90366     -1.420496
   4.92132     -1.409564
   4.93897     -1.392715
   4.93897     -1.392715
   4.94916     -1.392666
   4.95936     -1.392520
   4.96955     -1.392234
   4.97974     -1.391904
   4.98994     -1.391315
   5.00013     -1.390820
   5.01032     -1.390251
   5.02051     -1.389615
   5.03071     -1.388923
   5.04090     -1.388187
   5.05109     -1.387421
   5.06129     -1.386641
   5.07148     -1.385874
   5.08167     -1.384600
   5.09187     -1.383910
   5.10206     -1.383294
   5.11225     -1.382781
   5.12245     -1.382403
   5.13264     -1.382121
   5.14283     -1.382117
   5.15302     -1.382362
   5.16322     -1.382904
   5.17341     -1.383784
   5.18360     -1.385065
   5.19380     -1.386793
   5.20399     -1.388356
   5.21418     -1.391769
   5.22438     -1.395219
   5.23457     -1.399319
   5.24476     -1.404108
   5.25495     -1.409614
   5.26515     -1.415856
   5.27534     -1.422258
   5.28553     -1.429889
   5.29573     -1.438314
   5.30592     -1.447424
   5.31611     -1.457178
   5.32631     -1.467531
   5.33650     -1.478201
   5.33650     -1.478201
   5.35689     -1.476828
   5.37727     -1.472719
   5.39766     -1.465887
   5.41804     -1.456843
   5.43843     -1.445354
   5.45882     -1.429547
   5.47920     -1.412731
   5.49959     -1.393012
   5.51997     -1.370908
   5.54036     -1.346330
   5.56075     -1.319766
   5.58113     -1.291144
   5.60152     -1.261117
   5.62190     -1.228192
   5.64229     -1.194291
   5.66268     -1.159193
   5.68306     -1.122589
   5.70345     -1.084548
   5.72383     -1.046026
   5.74422     -1.006867
   5.76461     -0.967306
   5.78499     -0.928086
   5.80538     -0.888626
   5.82577     -0.849417
   5.84615     -0.811534
   5.86654     -0.773948
   5.88692     -0.737581
   5.90731     -0.701486
   5.92770     -0.668483
   5.94808     -0.637562
   5.96847     -0.607957
   5.98885     -0.582120
   6.00924     -0.559960
   6.02963     -0.540126
   6.05001     -0.523617
   6.07040     -0.510580
   6.09078     -0.500915
   6.11117     -0.494171
   6.13156     -0.492276
   6.13156     -0.492276
   6.14921     -0.493698
   6.16687     -0.499148
   6.18452     -0.506331
   6.20218     -0.516201
   6.21983     -0.528766
   6.23749     -0.543985
   6.25514     -0.561674
   6.27280     -0.581766
   6.29045     -0.603183
   6.30811     -0.629054
   6.32576     -0.655712
   6.34342     -0.684562
   6.36107     -0.714759
   6.37873     -0.746476
   6.39638     -0.779547
   6.41403     -0.814540
   6.43169     -0.849659
   6.44934     -0.885221
   6.46700     -0.922056
   6.48465     -0.959385
   6.50231     -0.996628
   6.51996     -1.034443
   6.53762     -1.072224
   6.55527     -1.109186
   6.57293     -1.146747
   6.59058     -1.183315
   6.60824     -1.219039
   6.62589     -1.253656
   6.64355     -1.286850
   6.66120     -1.318224
   6.67886     -1.346627
   6.69651     -1.373229
   6.71417     -1.395332
   6.73182     -1.412099
   6.74948     -1.422325
   6.76713     -1.425375
   6.78479     -1.420496
   6.80244     -1.409564
   6.82010     -1.392716
   6.82010     -1.392715
   6.83029     -1.373620
   6.84048     -1.354340
   6.85068     -1.334908
   6.86087     -1.315357
   6.87106     -1.296035
   6.88126     -1.276366
   6.89145     -1.256686
   6.90164     -1.237035
   6.91183     -1.217448
   6.92203     -1.197966
   6.93222     -1.178628
   6.94241     -1.158645
   6.95261     -1.139730
   6.96280     -1.121078
   6.97299     -1.102347
   6.98319     -1.084348
   6.99338     -1.066736
   7.00357     -1.049551
   7.01376     -1.032832
   7.02396     -1.016622
   7.03415     -1.000958
   7.04434     -0.985879
   7.05454     -0.971421
   7.06473     -0.957623
   7.07492     -0.944519
   7.08512     -0.932144
   7.09531     -0.920532
   7.10550     -0.911084
   7.11570     -0.901139
   7.12589     -0.892046
   7.13608     -0.883831
   7.14627     -0.876518
   7.15647     -0.870887
   7.16666     -0.865449
   7.17685     -0.861921
   7.18705     -0.859314
   7.19724     -0.856835
   7.20743     -0.855344
   7.21763     -0.854845
 
# Band-Index    4
   7.21763     -0.854314
   7.20743     -0.854236
   7.19724     -0.854003
   7.18705     -0.853616
   7.17685     -0.853074
   7.16666     -0.851876
   7.15647     -0.851035
   7.14627     -0.849108
   7.13608     -0.847971
   7.12589     -0.846681
   7.11570     -0.845239
   7.10550     -0.843647
   7.09531     -0.841846
   7.08512     -0.839956
   7.07492     -0.837917
   7.06473     -0.835731
   7.05454     -0.833399
   7.04434     -0.830922
   7.03415     -0.828301
   7.02396     -0.825538
   7.01376     -0.822635
   7.00357     -0.819593
   6.99338     -0.816414
   6.98319     -0.813099
   6.97299     -0.809651
   6.96280     -0.806071
   6.95261     -0.802361
   6.94241     -0.798523
   6.93222     -0.794648
   6.92203     -0.790563
   6.91183     -0.786356
   6.90164     -0.782029
   6.89145     -0.777586
   6.88126     -0.773028
   6.87106     -0.768359
   6.86087     -0.763579
   6.85068     -0.758694
   6.84048     -0.753704
   6.83029     -0.748612
   6.82010     -0.743423
   6.82010     -0.743423
   6.80244     -0.737971
   6.78479     -0.732046
   6.76713     -0.725506
   6.74948     -0.718611
   6.73182     -0.711659
   6.71417     -0.704389
   6.69651     -0.695203
   6.67886     -0.687273
   6.66120     -0.679274
   6.64355     -0.671046
   6.62589     -0.662649
   6.60824     -0.654114
   6.59058     -0.645475
   6.57293     -0.636765
   6.55527     -0.627988
   6.53762     -0.618923
   6.51996     -0.610227
   6.50231     -0.601599
   6.48465     -0.593341
   6.46700     -0.584967
   6.44934     -0.576766
   6.43169     -0.568873
   6.41403     -0.561618
   6.39638     -0.553077
   6.37873     -0.545959
   6.36107     -0.539179
   6.34342     -0.532767
   6.32576     -0.525955
   6.30811     -0.520364
   6.29045     -0.515420
   6.27280     -0.510906
   6.25514     -0.506751
   6.23749     -0.503108
   6.21983     -0.499873
   6.20218     -0.497303
   6.18452     -0.495288
   6.16687     -0.493837
   6.14921     -0.492564
   6.13156     -0.492276
   6.13156     -0.492276
   6.11117     -0.492660
   6.09078     -0.494346
   6.07040     -0.496987
   6.05001     -0.499727
   6.02963     -0.503254
   6.00924     -0.507589
   5.98885     -0.512711
   5.96847     -0.518659
   5.94808     -0.525485
   5.92770     -0.533128
   5.90731     -0.541631
   5.88692     -0.551571
   5.86654     -0.561901
   5.84615     -0.573130
   5.82577     -0.585255
   5.80538     -0.598311
   5.78499     -0.611714
   5.76461     -0.626633
   5.74422     -0.642473
   5.72383     -0.659218
   5.70345     -0.676852
   5.68306     -0.695392
   5.66268     -0.714716
   5.64229     -0.734436
   5.62190     -0.755271
   5.60152     -0.776763
   5.58113     -0.798700
   5.56075     -0.821104
   5.54036     -0.843752
   5.51997     -0.866660
   5.49959     -0.889126
   5.47920     -0.911054
   5.45882     -0.930931
   5.43843     -0.950742
   5.41804     -0.967870
   5.39766     -0.982641
   5.37727     -0.993969
   5.35689     -1.001124
   5.33650     -1.003600
   5.33650     -1.003600
   5.32631     -1.003215
   5.31611     -1.002053
   5.30592     -1.000083
   5.29573     -0.997278
   5.28553     -0.993623
   5.27534     -0.989354
   5.26515     -0.985249
   5.25495     -0.979138
   5.24476     -0.972241
   5.23457     -0.964607
   5.22438     -0.956295
   5.21418     -0.947374
   5.20399     -0.937380
   5.19380     -0.927860
   5.18360     -0.917558
   5.17341     -0.906978
   5.16322     -0.896205
   5.15302     -0.885319
   5.14283     -0.874403
   5.13264     -0.863533
   5.12245     -0.853364
   5.11225     -0.842831
   5.10206     -0.832553
   5.09187     -0.822591
   5.08167     -0.813005
   5.07148     -0.804294
   5.06129     -0.795194
   5.05109     -0.787043
   5.04090     -0.779458
   5.03071     -0.772474
   5.02051     -0.766129
   5.01032     -0.760451
   5.00013     -0.755468
   4.98994     -0.751204
   4.97974     -0.748136
   4.96955     -0.745370
   4.95936     -0.744990
   4.94916     -0.743815
   4.93897     -0.743423
   4.93897     -0.743423
   4.92132     -0.737971
   4.90366     -0.732046
   4.88601     -0.725506
   4.86835     -0.718611
   4.85070     -0.711659
   4.83304     -0.704389
   4.81539     -0.695203
   4.79773     -0.687273
   4.78008     -0.679274
   4.76242     -0.671046
   4.74477     -0.662649
   4.72711     -0.654114
   4.70946     -0.645475
   4.69180     -0.636765
   4.67415     -0.627988
   4.65649     -0.618924
   4.63884     -0.610227
   4.62118     -0.601599
   4.60353     -0.593341
   4.58587     -0.584967
   4.56822     -0.576766
   4.55056     -0.568873
   4.53291     -0.561618
   4.51525     -0.553077
   4.49760     -0.545959
   4.47994     -0.539179
   4.46229     -0.532767
   4.44463     -0.525955
   4.42698     -0.520364
   4.40932     -0.515420
   4.39167     -0.510906
   4.37401     -0.506751
   4.35636     -0.503108
   4.33870     -0.499872
   4.32105     -0.497302
   4.30339     -0.495287
   4.28574     -0.493836
   4.26809     -0.492564
   4.25043     -0.492276
   4.25043     -0.492276
   4.22546     -0.492006
   4.20049     -0.490753
   4.17553     -0.489825
   4.15056     -0.486937
   4.12559     -0.483245
   4.10062     -0.478766
   4.07566     -0.473526
   4.05069     -0.467553
   4.02572     -0.460880
   4.00075     -0.453543
   3.97578     -0.445583
   3.95082     -0.436472
   3.92585     -0.427416
   3.90088     -0.417883
   3.87591     -0.408423
   3.85095     -0.398119
   3.82598     -0.387513
   3.80101     -0.376673
   3.77604     -0.364874
   3.75107     -0.353795
   3.72611     -0.343471
   3.70114     -0.332437
   3.67617     -0.321091
   3.65120     -0.309134
   3.62624     -0.299282
   3.60127     -0.289186
   3.57630     -0.279663
   3.55133     -0.270487
   3.52636     -0.261852
   3.50140     -0.254261
   3.47643     -0.246923
   3.45146     -0.239446
   3.42649     -0.233637
   3.40153     -0.228640
   3.37656     -0.224284
   3.35159     -0.221040
   3.32662     -0.218705
   3.30166     -0.217296
   3.27669     -0.216825
   3.27669     -0.216825
   3.24611     -0.217233
   3.21553     -0.218457
   3.18495     -0.220498
   3.15437     -0.223439
   3.12379     -0.227435
   3.09321     -0.231985
   3.06263     -0.237415
   3.03205     -0.243653
   3.00148     -0.250737
   2.97090     -0.258671
   2.94032     -0.268033
   2.90974     -0.277482
   2.87916     -0.288089
   2.84858     -0.299539
   2.81800     -0.310634
   2.78742     -0.324261
   2.75684     -0.338260
   2.72626     -0.353025
   2.69568     -0.368522
   2.66510     -0.384713
   2.63453     -0.402025
   2.60395     -0.419539
   2.57337     -0.437601
   2.54279     -0.456150
   2.51221     -0.475117
   2.48163     -0.493692
   2.45105     -0.515615
   2.42047     -0.535427
   2.38989     -0.555343
   2.35931     -0.575275
   2.32873     -0.595135
   2.29815     -0.614644
   2.26758     -0.634102
   2.23700     -0.653756
   2.20642     -0.672659
   2.17584     -0.692450
   2.14526     -0.710047
   2.11468     -0.727291
   2.08410     -0.743423
   2.08410     -0.743423
   2.07391     -0.743815
   2.06371     -0.744990
   2.05352     -0.745369
   2.04333     -0.748136
   2.03314     -0.751204
   2.02294     -0.755468
   2.01275     -0.760451
   2.00256     -0.766129
   1.99236     -0.772474
   1.98217     -0.779457
   1.97198     -0.787043
   1.96178     -0.795194
   1.95159     -0.804294
   1.94140     -0.813005
   1.93121     -0.822591
   1.92101     -0.832553
   1.91082     -0.842831
   1.90063     -0.853364
   1.89043     -0.863532
   1.88024     -0.874403
   1.87005     -0.885319
   1.85985     -0.896205
   1.84966     -0.906979
   1.83947     -0.917560
   1.82927     -0.927862
   1.81908     -0.937382
   1.80889     -0.947374
   1.79870     -0.956295
   1.78850     -0.964607
   1.77831     -0.972242
   1.76812     -0.979138
   1.75792     -0.985249
   1.74773     -0.989354
   1.73754     -0.993624
   1.72734     -0.997279
   1.71715     -1.000084
   1.70696     -1.002054
   1.69677     -1.003215
   1.68657     -1.003600
   1.68657     -1.003600
   1.67216     -1.003354
   1.65774     -1.002619
   1.64333     -1.001398
   1.62891     -0.999699
   1.61450     -0.998770
   1.60008     -0.997452
   1.58567     -0.994460
   1.57125     -0.991046
   1.55684     -0.987232
   1.54242     -0.983038
   1.52801     -0.978490
   1.51359     -0.973616
   1.49918     -0.968587
   1.48476     -0.962816
   1.47034     -0.957838
   1.45593     -0.952000
   1.44151     -0.946002
   1.42710     -0.939882
   1.41268     -0.933678
   1.39827     -0.926740
   1.38385     -0.920509
   1.36944     -0.914334
   1.35502     -0.908215
   1.34061     -0.902212
   1.32619     -0.896804
   1.31178     -0.891164
   1.29736     -0.885757
   1.28295     -0.880620
   1.26853     -0.875790
   1.25412     -0.872366
   1.23970     -0.868282
   1.22529     -0.864596
   1.21087     -0.861645
   1.19646     -0.858834
   1.18204     -0.856491
   1.16763     -0.855509
   1.15321     -0.855561
   1.13880     -0.854689
   1.12438     -0.854314
   1.12438     -0.854314
   1.09555     -0.853406
   1.06672     -0.850404
   1.03789     -0.845897
   1.00906     -0.839608
   0.98023     -0.829181
   0.95140     -0.819462
   0.92257     -0.808068
   0.89374     -0.795155
   0.86491     -0.780585
   0.83608     -0.764523
   0.80725     -0.747483
   0.77842     -0.728699
   0.74959     -0.708680
   0.72076     -0.687529
   0.69193     -0.665357
   0.66310     -0.642281
   0.63427     -0.618434
   0.60544     -0.593950
   0.57661     -0.568971
   0.54778     -0.543648
   0.51895     -0.516830
   0.49011     -0.491349
   0.46128     -0.464349
   0.43245     -0.439348
   0.40362     -0.414840
   0.37479     -0.391750
   0.34596     -0.368423
   0.31713     -0.347090
   0.28830     -0.326445
   0.25947     -0.307205
   0.23064     -0.289463
   0.20181     -0.272300
   0.17298     -0.258139
   0.14415     -0.245924
   0.11532     -0.235159
   0.08649     -0.227195
   0.05766     -0.221451
   0.02883     -0.217985
   0.00000     -0.216825
 
# Band-Index    5
   0.00000      4.972770
   0.02883      4.980791
   0.05766      5.004713
   0.08649      5.044128
   0.11532      5.098390
   0.14415      5.166559
   0.17298      5.247767
   0.20181      5.340836
   0.23064      5.444608
   0.25947      5.557789
   0.28830      5.679389
   0.31713      5.807664
   0.34596      5.941682
   0.37479      6.079342
   0.40362      6.220990
   0.43245      6.363628
   0.46128      6.506333
   0.49011      6.647479
   0.51895      6.785294
   0.54778      6.917556
   0.57661      7.042638
   0.60544      7.158017
   0.63427      7.261374
   0.66310      7.350532
   0.69193      7.423729
   0.72076      7.479186
   0.74959      7.518195
   0.77842      7.541073
   0.80725      7.549695
   0.83608      7.546579
   0.86491      7.534495
   0.89374      7.516263
   0.92257      7.495430
   0.95140      7.472430
   0.98023      7.450015
   1.00906      7.425682
   1.03789      7.408629
   1.06672      7.395822
   1.09555      7.387322
   1.12438      7.384646
   1.12438      7.384646
   1.13880      7.386168
   1.15321      7.390731
   1.16763      7.398949
   1.18204      7.410211
   1.19646      7.423826
   1.21087      7.440389
   1.22529      7.460266
   1.23970      7.482577
   1.25412      7.507687
   1.26853      7.536280
   1.28295      7.566787
   1.29736      7.599867
   1.31178      7.635428
   1.32619      7.673370
   1.34061      7.714372
   1.35502      7.756741
   1.36944      7.801121
   1.38385      7.848131
   1.39827      7.896093
   1.41268      7.945453
   1.42710      7.996270
   1.44151      8.048189
   1.45593      8.100967
   1.47034      8.154330
   1.48476      8.208692
   1.49918      8.262018
   1.51359      8.316118
   1.52801      8.368334
   1.54242      8.419195
   1.55684      8.468170
   1.57125      8.514683
   1.58567      8.558087
   1.60008      8.597714
   1.61450      8.633869
   1.62891      8.664008
   1.64333      8.688081
   1.65774      8.705741
   1.67216      8.716532
   1.68657      8.720157
   1.68657      8.720157
   1.69677      8.719476
   1.70696      8.717401
   1.71715      8.713874
   1.72734      8.708827
   1.73754      8.702184
   1.74773      8.693362
   1.75792      8.682053
   1.76812      8.670004
   1.77831      8.656016
   1.78850      8.640042
   1.79870      8.622068
   1.80889      8.602130
   1.81908      8.580909
   1.82927      8.557202
   1.83947      8.532145
   1.84966      8.505828
   1.85985      8.478530
   1.87005      8.450548
   1.88024      8.422175
   1.89043      8.393699
   1.90063      8.363892
   1.91082      8.335973
   1.92101      8.308694
   1.93121      8.282257
   1.94140      8.256839
   1.95159      8.231407
   1.96178      8.208810
   1.97198      8.187336
   1.98217      8.167406
   1.99236      8.149115
   2.00256      8.132545
   2.01275      8.117766
   2.02294      8.104838
   2.03314      8.093813
   2.04333      8.084646
   2.05352      8.077544
   2.06371      8.070043
   2.07391      8.066988
   2.08410      8.065968
   2.08410      8.065968
   2.11468      8.141350
   2.14526      8.217048
   2.17584      8.290389
   2.20642      8.362148
   2.23700      8.421456
   2.26758      8.466743
   2.29815      8.490827
   2.32873      8.488406
   2.35931      8.457049
   2.38989      8.398129
   2.42047      8.315622
   2.45105      8.214199
   2.48163      8.098621
   2.51221      7.970882
   2.54279      7.835000
   2.57337      7.692694
   2.60395      7.545584
   2.63453      7.394954
   2.66510      7.241534
   2.69568      7.086838
   2.72626      6.931315
   2.75684      6.775661
   2.78742      6.620538
   2.81800      6.466931
   2.84858      6.314358
   2.87916      6.164985
   2.90974      6.019139
   2.94032      5.877897
   2.97090      5.741821
   3.00148      5.612499
   3.03205      5.490977
   3.06263      5.378884
   3.09321      5.277529
   3.12379      5.188416
   3.15437      5.113032
   3.18495      5.052714
   3.21553      5.008636
   3.24611      4.981789
   3.27669      4.972770
   3.27669      4.972770
   3.30166      4.978786
   3.32662      4.996734
   3.35159      5.026330
   3.37656      5.067112
   3.40153      5.118389
   3.42649      5.179534
   3.45146      5.249651
   3.47643      5.327749
   3.50140      5.412966
   3.52636      5.504341
   3.55133      5.600572
   3.57630      5.700696
   3.60127      5.803766
   3.62624      5.907960
   3.65120      6.013242
   3.67617      6.117584
   3.70114      6.219659
   3.72611      6.319191
   3.75107      6.414925
   3.77604      6.505308
   3.80101      6.589520
   3.82598      6.667119
   3.85095      6.737387
   3.87591      6.799991
   3.90088      6.855019
   3.92585      6.902285
   3.95082      6.942334
   3.97578      6.975701
   4.00075      7.003059
   4.02572      7.025128
   4.05069      7.042642
   4.07566      7.056312
   4.10062      7.066795
   4.12559      7.074669
   4.15056      7.080430
   4.17553      7.084485
   4.20049      7.087590
   4.22546      7.089076
   4.25043      7.090922
   4.25043      7.090922
   4.26809      7.093557
   4.28574      7.101218
   4.30339      7.114112
   4.32105      7.132358
   4.33870      7.155632
   4.35636      7.183055
   4.37401      7.215931
   4.39167      7.253333
   4.40932      7.295441
   4.42698      7.341433
   4.44463      7.390933
   4.46229      7.443055
   4.47994      7.498957
   4.49760      7.557456
   4.51525      7.618079
   4.53291      7.680085
   4.55056      7.743434
   4.56822      7.807336
   4.58587      7.870297
   4.60353      7.931883
   4.62118      7.991555
   4.63884      8.047304
   4.65649      8.098454
   4.67415      8.143737
   4.69180      8.181838
   4.70946      8.212536
   4.72711      8.234908
   4.74477      8.248808
   4.76242      8.254541
   4.78008      8.252817
   4.79773      8.244629
   4.81539      8.231042
   4.83304      8.211096
   4.85070      8.190190
   4.86835      8.167095
   4.88601      8.142521
   4.90366      8.117529
   4.92132      8.091193
   4.93897      8.065969
   4.93897      8.065969
   4.94916      8.066988
   4.95936      8.070044
   4.96955      8.077544
   4.97974      8.084647
   4.98994      8.093814
   5.00013      8.104839
   5.01032      8.117767
   5.02051      8.132546
   5.03071      8.149116
   5.04090      8.167407
   5.05109      8.187337
   5.06129      8.208811
   5.07148      8.231408
   5.08167      8.256839
   5.09187      8.282258
   5.10206      8.308695
   5.11225      8.335973
   5.12245      8.363892
   5.13264      8.393700
   5.14283      8.422176
   5.15302      8.450548
   5.16322      8.478531
   5.17341      8.505837
   5.18360      8.532154
   5.19380      8.557210
   5.20399      8.580916
   5.21418      8.602131
   5.22438      8.622069
   5.23457      8.640043
   5.24476      8.656017
   5.25495      8.670004
   5.26515      8.682053
   5.27534      8.693363
   5.28553      8.702190
   5.29573      8.708834
   5.30592      8.713880
   5.31611      8.717407
   5.32631      8.719476
   5.33650      8.720157
   5.33650      8.720157
   5.35689      8.722061
   5.37727      8.727769
   5.39766      8.737289
   5.41804      8.749625
   5.43843      8.765998
   5.45882      8.787952
   5.47920      8.810784
   5.49959      8.839342
   5.51997      8.871726
   5.54036      8.908953
   5.56075      8.938617
   5.58113      8.851021
   5.60152      8.761736
   5.62190      8.671586
   5.64229      8.580512
   5.66268      8.488361
   5.68306      8.396880
   5.70345      8.305891
   5.72383      8.215308
   5.74422      8.125681
   5.76461      8.037350
   5.78499      7.950653
   5.80538      7.865507
   5.82577      7.783225
   5.84615      7.703216
   5.86654      7.626839
   5.88692      7.554018
   5.90731      7.484893
   5.92770      7.420409
   5.94808      7.360665
   5.96847      7.306060
   5.98885      7.256936
   6.00924      7.213282
   6.02963      7.176651
   6.05001      7.145820
   6.07040      7.121594
   6.09078      7.104717
   6.11117      7.094435
   6.13156      7.090922
   6.13156      7.090922
   6.14921      7.093557
   6.16687      7.101215
   6.18452      7.114109
   6.20218      7.132355
   6.21983      7.155628
   6.23749      7.183055
   6.25514      7.215931
   6.27280      7.253333
   6.29045      7.295441
   6.30811      7.341432
   6.32576      7.390933
   6.34342      7.443054
   6.36107      7.498956
   6.37873      7.557456
   6.39638      7.618079
   6.41403      7.680085
   6.43169      7.743434
   6.44934      7.807336
   6.46700      7.870296
   6.48465      7.931883
   6.50231      7.991555
   6.51996      8.047304
   6.53762      8.098454
   6.55527      8.143736
   6.57293      8.181837
   6.59058      8.212535
   6.60824      8.234908
   6.62589      8.248807
   6.64355      8.254541
   6.66120      8.252817
   6.67886      8.244628
   6.69651      8.231042
   6.71417      8.211095
   6.73182      8.190189
   6.74948      8.167094
   6.76713      8.142521
   6.78479      8.117528
   6.80244      8.091193
   6.82010      8.065968
   6.82010      8.065969
   6.83029      8.041042
   6.84048      8.016274
   6.85068      7.991690
   6.86087      7.967313
   6.87106      7.943160
   6.88126      7.919246
   6.89145      7.895582
   6.90164      7.872174
   6.91183      7.849029
   6.92203      7.826150
   6.93222      7.803540
   6.94241      7.781210
   6.95261      7.759144
   6.96280      7.737352
   6.97299      7.716032
   6.98319      7.694796
   6.99338      7.673856
   7.00357      7.653228
   7.01376      7.632933
   7.02396      7.613003
   7.03415      7.593473
   7.04434      7.574391
   7.05454      7.555810
   7.06473      7.537795
   7.07492      7.520414
   7.08512      7.503744
   7.09531      7.487866
   7.10550      7.472391
   7.11570      7.458314
   7.12589      7.445284
   7.13608      7.433381
   7.14627      7.422681
   7.15647      7.412401
   7.16666      7.404320
   7.17685      7.397013
   7.18705      7.391461
   7.19724      7.387684
   7.20743      7.385407
   7.21763      7.384646
 
# Band-Index    6
   7.21763      7.834603
   7.20743      7.835311
   7.19724      7.837438
   7.18705      7.840993
   7.17685      7.847421
   7.16666      7.854155
   7.15647      7.862121
   7.14627      7.871900
   7.13608      7.882896
   7.12589      7.895461
   7.11570      7.909626
   7.10550      7.925423
   7.09531      7.945546
   7.08512      7.964755
   7.07492      7.985673
   7.06473      8.008310
   7.05454      8.032669
   7.04434      8.058742
   7.03415      8.086507
   7.02396      8.115929
   7.01376      8.146959
   7.00357      8.179536
   6.99338      8.213582
   6.98319      8.249009
   6.97299      8.285716
   6.96280      8.323568
   6.95261      8.362496
   6.94241      8.402338
   6.93222      8.442490
   6.92203      8.483750
   6.91183      8.525487
   6.90164      8.567544
   6.89145      8.609758
   6.88126      8.651962
   6.87106      8.693988
   6.86087      8.737301
   6.85068      8.778427
   6.84048      8.818856
   6.83029      8.858418
   6.82010      8.896947
   6.82010      8.896946
   6.80244      8.934854
   6.78479      8.973757
   6.76713      9.010771
   6.74948      9.048053
   6.73182      9.082928
   6.71417      9.116402
   6.69651      9.148389
   6.67886      9.179521
   6.66120      9.208892
   6.64355      9.237848
   6.62589      9.267288
   6.60824      9.298274
   6.59058      9.331841
   6.57293      9.368831
   6.55527      9.410974
   6.53762      9.456307
   6.51996      9.505641
   6.50231      9.558858
   6.48465      9.615273
   6.46700      9.675048
   6.44934      9.737366
   6.43169      9.800846
   6.41403      9.866671
   6.39638      9.933610
   6.37873     10.000791
   6.36107     10.067784
   6.34342     10.133984
   6.32576     10.201199
   6.30811     10.263834
   6.29045     10.324692
   6.27280     10.380332
   6.25514     10.432101
   6.23749     10.478747
   6.21983     10.520600
   6.20218     10.554903
   6.18452     10.582138
   6.16687     10.602273
   6.14921     10.614399
   6.13156     10.618352
   6.13156     10.618352
   6.11117     10.613082
   6.09078     10.596829
   6.07040     10.569738
   6.05001     10.533668
   6.02963     10.488628
   6.00924     10.434927
   5.98885     10.375031
   5.96847     10.309354
   5.94808     10.238614
   5.92770     10.164622
   5.90731     10.088026
   5.88692     10.006968
   5.86654      9.927689
   5.84615      9.848213
   5.82577      9.769235
   5.80538      9.691123
   5.78499      9.615207
   5.76461      9.540528
   5.74422      9.467854
   5.72383      9.397663
   5.70345      9.330211
   5.68306      9.264436
   5.66268      9.203092
   5.64229      9.146061
   5.62190      9.091441
   5.60152      9.040134
   5.58113      8.992692
   5.56075      8.948946
   5.54036      9.024122
   5.51997      9.106869
   5.49959      9.186241
   5.47920      9.261296
   5.45882      9.332355
   5.43843      9.394970
   5.41804      9.450075
   5.39766      9.495488
   5.37727      9.529184
   5.35689      9.550078
   5.33650      9.556955
   5.33650      9.556955
   5.32631      9.522411
   5.31611      9.486772
   5.30592      9.450280
   5.29573      9.413355
   5.28553      9.376351
   5.27534      9.338639
   5.26515      9.301100
   5.25495      9.266125
   5.24476      9.232491
   5.23457      9.200487
   5.22438      9.170352
   5.21418      9.142264
   5.20399      9.116659
   5.19380      9.092247
   5.18360      9.070643
   5.17341      9.051106
   5.16322      9.033427
   5.15302      9.017614
   5.14283      9.003422
   5.13264      8.990689
   5.12245      8.978826
   5.11225      8.968592
   5.10206      8.959393
   5.09187      8.951120
   5.08167      8.943682
   5.07148      8.935726
   5.06129      8.929818
   5.05109      8.924427
   5.04090      8.919624
   5.03071      8.915371
   5.02051      8.911636
   5.01032      8.908393
   5.00013      8.905623
   4.98994      8.903307
   4.97974      8.900520
   4.96955      8.899057
   4.95936      8.897772
   4.94916      8.897153
   4.93897      8.896947
   4.93897      8.896947
   4.92132      8.934856
   4.90366      8.973758
   4.88601      9.010772
   4.86835      9.048054
   4.85070      9.082929
   4.83304      9.116403
   4.81539      9.148390
   4.79773      9.179521
   4.78008      9.208893
   4.76242      9.237848
   4.74477      9.267290
   4.72711      9.298276
   4.70946      9.331842
   4.69180      9.368833
   4.67415      9.410975
   4.65649      9.456308
   4.63884      9.505642
   4.62118      9.558858
   4.60353      9.615274
   4.58587      9.675049
   4.56822      9.737366
   4.55056      9.800847
   4.53291      9.866671
   4.51525      9.933611
   4.49760     10.000791
   4.47994     10.067785
   4.46229     10.133985
   4.44463     10.201199
   4.42698     10.263834
   4.40932     10.324693
   4.39167     10.380332
   4.37401     10.432101
   4.35636     10.478747
   4.33870     10.520608
   4.32105     10.554914
   4.30339     10.582151
   4.28574     10.602290
   4.26809     10.614399
   4.25043     10.618352
   4.25043     10.618352
   4.22546     10.610343
   4.20049     10.592611
   4.17553     10.563908
   4.15056     10.525293
   4.12559     10.477902
   4.10062     10.423217
   4.07566     10.362933
   4.05069     10.298897
   4.02572     10.233054
   4.00075     10.167390
   3.97578     10.103876
   3.95082     10.044812
   3.92585      9.991159
   3.90088      9.944895
   3.87591      9.907337
   3.85095      9.879525
   3.82598      9.862159
   3.80101      9.855621
   3.77604      9.858823
   3.75107      9.873868
   3.72611      9.899012
   3.70114      9.934251
   3.67617      9.979278
   3.65120     10.033371
   3.62624     10.091880
   3.60127     10.161067
   3.57630     10.230696
   3.55133     10.307044
   3.52636     10.386432
   3.50140     10.465134
   3.47643     10.546322
   3.45146     10.625935
   3.42649     10.701358
   3.40153     10.771680
   3.37656     10.837622
   3.35159     10.889507
   3.32662     10.928318
   3.30166     10.952158
   3.27669     10.959589
   3.27669     10.959589
   3.24611     10.954505
   3.21553     10.914663
   3.18495     10.854444
   3.15437     10.774512
   3.12379     10.684106
   3.09321     10.583901
   3.06263     10.476573
   3.03205     10.369606
   3.00148     10.263222
   2.97090     10.159172
   2.94032     10.060923
   2.90974      9.965594
   2.87916      9.877970
   2.84858      9.797824
   2.81800      9.728939
   2.78742      9.664372
   2.75684      9.609897
   2.72626      9.564629
   2.69568      9.528700
   2.66510      9.502157
   2.63453      9.488167
   2.60395      9.480217
   2.57337      9.481406
   2.54279      9.491532
   2.51221      9.510348
   2.48163      9.537563
   2.45105      9.572576
   2.42047      9.615516
   2.38989      9.554344
   2.35931      9.476948
   2.32873      9.414700
   2.29815      9.366325
   2.26758      9.326598
   2.23700      9.286773
   2.20642      9.239400
   2.17584      9.178118
   2.14526      9.101354
   2.11468      9.004798
   2.08410      8.896946
   2.08410      8.896946
   2.07391      8.897152
   2.06371      8.897771
   2.05352      8.899055
   2.04333      8.900519
   2.03314      8.903306
   2.02294      8.905622
   2.01275      8.908392
   2.00256      8.911634
   1.99236      8.915368
   1.98217      8.919621
   1.97198      8.924424
   1.96178      8.929816
   1.95159      8.935724
   1.94140      8.943680
   1.93121      8.951118
   1.92101      8.959391
   1.91082      8.968590
   1.90063      8.978824
   1.89043      8.990687
   1.88024      9.003420
   1.87005      9.017612
   1.85985      9.033425
   1.84966      9.051023
   1.83947      9.070560
   1.82927      9.092164
   1.81908      9.116577
   1.80889      9.142183
   1.79870      9.170271
   1.78850      9.200407
   1.77831      9.232411
   1.76812      9.266046
   1.75792      9.301021
   1.74773      9.338560
   1.73754      9.376271
   1.72734      9.413273
   1.71715      9.450198
   1.70696      9.486688
   1.69677      9.522406
   1.68657      9.556955
   1.68657      9.556955
   1.67216      9.489150
   1.65774      9.421257
   1.64333      9.353548
   1.62891      9.286132
   1.61450      9.218359
   1.60008      9.147955
   1.58567      9.081971
   1.57125      9.016702
   1.55684      8.952187
   1.54242      8.888661
   1.52801      8.826158
   1.51359      8.764779
   1.49918      8.704621
   1.48476      8.645985
   1.47034      8.588422
   1.45593      8.532518
   1.44151      8.478215
   1.42710      8.425605
   1.41268      8.374776
   1.39827      8.326335
   1.38385      8.279323
   1.36944      8.233709
   1.35502      8.190863
   1.34061      8.150201
   1.32619      8.109192
   1.31178      8.073139
   1.29736      8.039479
   1.28295      8.008272
   1.26853      7.979575
   1.25412      7.951271
   1.23970      7.927749
   1.22529      7.906884
   1.21087      7.888326
   1.19646      7.872899
   1.18204      7.860234
   1.16763      7.847535
   1.15321      7.840263
   1.13880      7.836019
   1.12438      7.834603
   1.12438      7.834603
   1.09555      7.837489
   1.06672      7.846462
   1.03789      7.860872
   1.00906      7.881038
   0.98023      7.910007
   0.95140      7.941620
   0.92257      7.978939
   0.89374      8.021889
   0.86491      8.070534
   0.83608      8.124791
   0.80725      8.183916
   0.77842      8.249233
   0.74959      8.320004
   0.72076      8.396190
   0.69193      8.477623
   0.66310      8.564305
   0.63427      8.656065
   0.60544      8.752804
   0.57661      8.854359
   0.54778      8.960551
   0.51895      9.073793
   0.49011      9.188551
   0.46128      9.311683
   0.43245      9.433871
   0.40362      9.559102
   0.37479      9.686693
   0.34596      9.816442
   0.31713      9.947116
   0.28830     10.077853
   0.25947     10.207424
   0.23064     10.334323
   0.20181     10.458121
   0.17298     10.573711
   0.14415     10.679858
   0.11532     10.774217
   0.08649     10.852008
   0.05766     10.910639
   0.02883     10.947184
   0.00000     10.959564
 
# Band-Index    7
   0.00000     10.959630
   0.02883     10.963654
   0.05766     10.975841
   0.08649     10.996087
   0.11532     11.024307
   0.14415     11.057052
   0.17298     11.100778
   0.20181     11.152010
   0.23064     11.210119
   0.25947     11.275715
   0.28830     11.348528
   0.31713     11.427403
   0.34596     11.515110
   0.37479     11.603073
   0.40362     11.445069
   0.43245     11.289681
   0.46128     11.140264
   0.49011     10.997097
   0.51895     10.865249
   0.54778     10.745356
   0.57661     10.639530
   0.60544     10.549919
   0.63427     10.478786
   0.66310     10.428244
   0.69193     10.399758
   0.72076     10.393808
   0.74959     10.410817
   0.77842     10.448967
   0.80725     10.505650
   0.83608     10.577865
   0.86491     10.660736
   0.89374     10.750566
   0.92257     10.845238
   0.95140     10.936084
   0.98023     11.021524
   1.00906     11.096625
   1.03789     11.160201
   1.06672     11.208069
   1.09555     11.236891
   1.12438     11.246932
   1.12438     11.246932
   1.13880     11.245553
   1.15321     11.241420
   1.16763     11.234618
   1.18204     11.225091
   1.19646     11.212727
   1.21087     11.197668
   1.22529     11.180562
   1.23970     11.160134
   1.25412     11.137110
   1.26853     11.111537
   1.28295     11.083445
   1.29736     11.052891
   1.31178     11.019925
   1.32619     10.984604
   1.34061     10.946991
   1.35502     10.907138
   1.36944     10.865117
   1.38385     10.821060
   1.39827     10.774909
   1.41268     10.726805
   1.42710     10.676827
   1.44151     10.625054
   1.45593     10.571569
   1.47034     10.516459
   1.48476     10.459811
   1.49918     10.399627
   1.51359     10.340113
   1.52801     10.279340
   1.54242     10.217405
   1.55684     10.154405
   1.57125     10.090442
   1.58567     10.025612
   1.60008      9.960018
   1.61450      9.893990
   1.62891      9.827574
   1.64333      9.760354
   1.65774      9.692787
   1.67216      9.624980
   1.68657      9.557122
   1.68657      9.557122
   1.69677      9.591049
   1.70696      9.625072
   1.71715      9.659070
   1.72734      9.693000
   1.73754      9.726819
   1.74773      9.760574
   1.75792      9.793742
   1.76812      9.826972
   1.77831      9.859907
   1.78850      9.892497
   1.79870      9.924693
   1.80889      9.956444
   1.81908      9.988486
   1.82927     10.018967
   1.83947     10.049026
   1.84966     10.078427
   1.85985     10.107116
   1.87005     10.135038
   1.88024     10.162138
   1.89043     10.188361
   1.90063     10.213651
   1.91082     10.237955
   1.92101     10.261218
   1.93121     10.283388
   1.94140     10.304412
   1.95159     10.324146
   1.96178     10.342730
   1.97198     10.360022
   1.98217     10.375977
   1.99236     10.390554
   2.00256     10.403712
   2.01275     10.415416
   2.02294     10.425634
   2.03314     10.434337
   2.04333     10.441264
   2.05352     10.446838
   2.06371     10.450788
   2.07391     10.453186
   2.08410     10.453986
   2.08410     10.453986
   2.11468     10.362100
   2.14526     10.271348
   2.17584     10.182247
   2.20642     10.095763
   2.23700     10.009984
   2.26758      9.930772
   2.29815      9.856247
   2.32873      9.786245
   2.35931      9.722813
   2.38989      9.665743
   2.42047      9.645288
   2.45105      9.747066
   2.48163      9.859624
   2.51221      9.974502
   2.54279     10.094092
   2.57337     10.215833
   2.60395     10.338204
   2.63453     10.459739
   2.66510     10.579268
   2.69568     10.694506
   2.72626     10.804089
   2.75684     10.906080
   2.78742     10.998325
   2.81800     11.078680
   2.84858     11.143236
   2.87916     11.192186
   2.90974     11.222902
   2.94032     11.235979
   2.97090     11.231930
   3.00148     11.212202
   3.03205     11.168628
   3.06263     11.120704
   3.09321     11.080333
   3.12379     11.047201
   3.15437     11.012903
   3.18495     10.994130
   3.21553     10.977669
   3.24611     10.964169
   3.27669     10.959631
   3.27669     10.959631
   3.30166     10.962096
   3.32662     10.969443
   3.35159     10.981537
   3.37656     10.998147
   3.40153     11.018503
   3.42649     11.043001
   3.45146     11.070611
   3.47643     11.098073
   3.50140     11.129452
   3.52636     11.162451
   3.55133     11.192745
   3.57630     11.220382
   3.60127     11.244318
   3.62624     11.261977
   3.65120     11.273846
   3.67617     11.274223
   3.70114     11.269318
   3.72611     11.257556
   3.75107     11.240705
   3.77604     11.217454
   3.80101     11.188821
   3.82598     11.158533
   3.85095     11.126366
   3.87591     11.093225
   3.90088     11.061245
   3.92585     11.028351
   3.95082     10.996417
   3.97578     10.965272
   4.00075     10.936507
   4.02572     10.909790
   4.05069     10.885364
   4.07566     10.863425
   4.10062     10.844134
   4.12559     10.827620
   4.15056     10.813986
   4.17553     10.803312
   4.20049     10.798374
   4.22546     10.793752
   4.25043     10.792589
   4.25043     10.792589
   4.26809     10.790707
   4.28574     10.784203
   4.30339     10.775170
   4.32105     10.762951
   4.33870     10.747675
   4.35636     10.729425
   4.37401     10.708576
   4.39167     10.685230
   4.40932     10.659962
   4.42698     10.630839
   4.44463     10.601071
   4.46229     10.568707
   4.47994     10.535617
   4.49760     10.501196
   4.51525     10.465716
   4.53291     10.429294
   4.55056     10.392638
   4.56822     10.356517
   4.58587     10.320239
   4.60353     10.284875
   4.62118     10.251225
   4.63884     10.219540
   4.65649     10.190787
   4.67415     10.166170
   4.69180     10.145702
   4.70946     10.131200
   4.72711     10.123326
   4.74477     10.122820
   4.76242     10.130102
   4.78008     10.145165
   4.79773     10.168332
   4.81539     10.196748
   4.83304     10.230154
   4.85070     10.267510
   4.86835     10.306787
   4.88601     10.346424
   4.90366     10.385255
   4.92132     10.421284
   4.93897     10.453985
   4.93897     10.453985
   4.94916     10.453187
   4.95936     10.450788
   4.96955     10.446838
   4.97974     10.441263
   4.98994     10.434336
   5.00013     10.425633
   5.01032     10.415415
   5.02051     10.403713
   5.03071     10.390554
   5.04090     10.375977
   5.05109     10.360022
   5.06129     10.342729
   5.07148     10.324145
   5.08167     10.304409
   5.09187     10.283384
   5.10206     10.261215
   5.11225     10.237951
   5.12245     10.213647
   5.13264     10.188357
   5.14283     10.162134
   5.15302     10.135034
   5.16322     10.107112
   5.17341     10.078431
   5.18360     10.049028
   5.19380     10.018968
   5.20399      9.988485
   5.21418      9.956318
   5.22438      9.924574
   5.23457      9.892383
   5.24476      9.859798
   5.25495      9.826868
   5.26515      9.793642
   5.27534      9.760479
   5.28553      9.726816
   5.29573      9.692997
   5.30592      9.659067
   5.31611      9.625069
   5.32631      9.591044
   5.33650      9.557122
   5.33650      9.557122
   5.35689      9.558882
   5.37727      9.564546
   5.39766      9.573952
   5.41804      9.586783
   5.43843      9.602710
   5.45882      9.623734
   5.47920      9.645754
   5.49959      9.672607
   5.51997      9.702531
   5.54036      9.735486
   5.56075      9.770999
   5.58113      9.809002
   5.60152      9.849085
   5.62190      9.892113
   5.64229      9.936183
   5.66268      9.981117
   5.68306     10.027963
   5.70345     10.076175
   5.72383     10.124655
   5.74422     10.173531
   5.76461     10.222501
   5.78499     10.271263
   5.80538     10.318882
   5.82577     10.366270
   5.84615     10.412463
   5.86654     10.457252
   5.88692     10.500288
   5.90731     10.542375
   5.92770     10.581132
   5.94808     10.617323
   5.96847     10.651383
   5.98885     10.681767
   6.00924     10.708899
   6.02963     10.732719
   6.05001     10.752615
   6.07040     10.768553
   6.09078     10.781131
   6.11117     10.790082
   6.13156     10.792589
   6.13156     10.792589
   6.14921     10.790707
   6.16687     10.784196
   6.18452     10.775161
   6.20218     10.762940
   6.21983     10.747663
   6.23749     10.729424
   6.25514     10.708575
   6.27280     10.685229
   6.29045     10.659961
   6.30811     10.630838
   6.32576     10.601070
   6.34342     10.568706
   6.36107     10.535616
   6.37873     10.501195
   6.39638     10.465716
   6.41403     10.429294
   6.43169     10.392637
   6.44934     10.356516
   6.46700     10.320238
   6.48465     10.284874
   6.50231     10.251224
   6.51996     10.219538
   6.53762     10.190786
   6.55527     10.166168
   6.57293     10.145700
   6.59058     10.131198
   6.60824     10.123325
   6.62589     10.122819
   6.64355     10.130103
   6.66120     10.145165
   6.67886     10.168332
   6.69651     10.196748
   6.71417     10.230154
   6.73182     10.267510
   6.74948     10.306788
   6.76713     10.346425
   6.78479     10.385255
   6.80244     10.421283
   6.82010     10.453986
   6.82010     10.453985
   6.83029     10.484665
   6.84048     10.515312
   6.85068     10.545886
   6.86087     10.576351
   6.87106     10.606670
   6.88126     10.636802
   6.89145     10.666707
   6.90164     10.696345
   6.91183     10.725673
   6.92203     10.754651
   6.93222     10.783234
   6.94241     10.811378
   6.95261     10.839041
   6.96280     10.866176
   6.97299     10.893867
   6.98319     10.919762
   6.99338     10.944994
   7.00357     10.969517
   7.01376     10.993286
   7.02396     11.016255
   7.03415     11.038375
   7.04434     11.059610
   7.05454     11.079912
   7.06473     11.099238
   7.07492     11.117546
   7.08512     11.134796
   7.09531     11.150948
   7.10550     11.165959
   7.11570     11.179804
   7.12589     11.192445
   7.13608     11.203852
   7.14627     11.213996
   7.15647     11.222416
   7.16666     11.229917
   7.17685     11.235991
   7.18705     11.240739
   7.19724     11.244176
   7.20743     11.246243
   7.21763     11.246932
 
# Band-Index    8
   7.21763     14.537130
   7.20743     14.532408
   7.19724     14.518008
   7.18705     14.492487
   7.17685     14.455285
   7.16666     14.410916
   7.15647     14.361376
   7.14627     14.308716
   7.13608     14.252797
   7.12589     14.194964
   7.11570     14.135886
   7.10550     14.076084
   7.09531     14.016064
   7.08512     13.955961
   7.07492     13.896079
   7.06473     13.836564
   7.05454     13.777508
   7.04434     13.718971
   7.03415     13.660998
   7.02396     13.612862
   7.01376     13.555418
   7.00357     13.498646
   6.99338     13.442565
   6.98319     13.387194
   6.97299     13.332550
   6.96280     13.278801
   6.95261     13.225643
   6.94241     13.173253
   6.93222     13.120234
   6.92203     13.069388
   6.91183     13.019338
   6.90164     12.970090
   6.89145     12.921650
   6.88126     12.874025
   6.87106     12.827219
   6.86087     12.781208
   6.85068     12.736055
   6.84048     12.691734
   6.83029     12.646841
   6.82010     12.604303
   6.82010     12.603342
   6.80244     12.559685
   6.78479     12.512863
   6.76713     12.462715
   6.74948     12.410798
   6.73182     12.354796
   6.71417     12.296242
   6.69651     12.235750
   6.67886     12.173788
   6.66120     12.109082
   6.64355     12.043638
   6.62589     11.977318
   6.60824     11.910518
   6.59058     11.843583
   6.57293     11.776847
   6.55527     11.710630
   6.53762     11.644986
   6.51996     11.580626
   6.50231     11.517612
   6.48465     11.453722
   6.46700     11.394052
   6.44934     11.336390
   6.43169     11.279913
   6.41403     11.226067
   6.39638     11.178417
   6.37873     11.130482
   6.36107     11.085337
   6.34342     11.043098
   6.32576     11.004025
   6.30811     10.967914
   6.29045     10.934125
   6.27280     10.903111
   6.25514     10.876768
   6.23749     10.853824
   6.21983     10.834635
   6.20218     10.818634
   6.18452     10.806160
   6.16687     10.797238
   6.14921     10.794382
   6.13156     10.792590
   6.13156     10.792590
   6.11117     10.794979
   6.09078     10.800484
   6.07040     10.811191
   6.05001     10.827824
   6.02963     10.849159
   6.00924     10.875132
   5.98885     10.907605
   5.96847     10.942622
   5.94808     10.980333
   5.92770     11.023846
   5.90731     11.071275
   5.88692     11.122138
   5.86654     11.176383
   5.84615     11.233336
   5.82577     11.294965
   5.80538     11.355178
   5.78499     11.415705
   5.76461     11.476192
   5.74422     11.532957
   5.72383     11.585389
   5.70345     11.631514
   5.68306     11.669085
   5.66268     11.696559
   5.64229     11.712195
   5.62190     11.714968
   5.60152     11.704673
   5.58113     11.682750
   5.56075     11.649592
   5.54036     11.607637
   5.51997     11.558840
   5.49959     11.506046
   5.47920     11.451341
   5.45882     11.398034
   5.43843     11.346176
   5.41804     11.300119
   5.39766     11.261200
   5.37727     11.231294
   5.35689     11.212554
   5.33650     11.206042
   5.33650     11.206042
   5.32631     11.208111
   5.31611     11.214348
   5.30592     11.224310
   5.29573     11.237938
   5.28553     11.255030
   5.27534     11.275318
   5.26515     11.297785
   5.25495     11.324018
   5.24476     11.352902
   5.23457     11.384255
   5.22438     11.417904
   5.21418     11.453686
   5.20399     11.492078
   5.19380     11.530912
   5.18360     11.572214
   5.17341     11.615083
   5.16322     11.659183
   5.15302     11.704806
   5.14283     11.751633
   5.13264     11.799550
   5.12245     11.848097
   5.11225     11.897810
   5.10206     11.948249
   5.09187     11.999280
   5.08167     12.050755
   5.07148     12.101821
   5.06129     12.153972
   5.05109     12.205663
   5.04090     12.256931
   5.03071     12.307438
   5.02051     12.356759
   5.01032     12.404243
   5.00013     12.449356
   4.98994     12.491137
   4.97974     12.527824
   4.96955     12.559414
   4.95936     12.583745
   4.94916     12.599543
   4.93897     12.604303
   4.93897     12.604303
   4.92132     12.561408
   4.90366     12.513969
   4.88601     12.463391
   4.86835     12.411170
   4.85070     12.354992
   4.83304     12.296344
   4.81539     12.235799
   4.79773     12.173812
   4.78008     12.109093
   4.76242     12.043617
   4.74477     11.977395
   4.72711     11.910559
   4.70946     11.843605
   4.69180     11.776858
   4.67415     11.710635
   4.65649     11.644989
   4.63884     11.580627
   4.62118     11.517612
   4.60353     11.453722
   4.58587     11.394051
   4.56822     11.336390
   4.55056     11.279912
   4.53291     11.226066
   4.51525     11.178416
   4.49760     11.130481
   4.47994     11.085336
   4.46229     11.043097
   4.44463     11.004025
   4.42698     10.967913
   4.40932     10.934125
   4.39167     10.903110
   4.37401     10.876767
   4.35636     10.853823
   4.33870     10.834644
   4.32105     10.818645
   4.30339     10.806172
   4.28574     10.797252
   4.26809     10.794382
   4.25043     10.792590
   4.25043     10.792590
   4.22546     10.793753
   4.20049     10.798375
   4.17553     10.803314
   4.15056     10.813989
   4.12559     10.827623
   4.10062     10.844138
   4.07566     10.863430
   4.05069     10.885370
   4.02572     10.909799
   4.00075     10.936518
   3.97578     10.965287
   3.95082     10.996436
   3.92585     11.028374
   3.90088     11.061274
   3.87591     11.093257
   3.85095     11.126400
   3.82598     11.158570
   3.80101     11.188963
   3.77604     11.217681
   3.75107     11.240929
   3.72611     11.257919
   3.70114     11.269873
   3.67617     11.274969
   3.65120     11.274656
   3.62624     11.262716
   3.60127     11.244904
   3.57630     11.220435
   3.55133     11.193175
   3.52636     11.162790
   3.50140     11.129956
   3.47643     11.099079
   3.45146     11.072364
   3.42649     11.043035
   3.40153     11.020072
   3.37656     10.999248
   3.35159     10.983557
   3.32662     10.971486
   3.30166     10.963742
   3.27669     11.091847
   3.27669     11.091847
   3.24611     11.037500
   3.21553     10.979349
   3.18495     10.999534
   3.15437     11.026465
   3.12379     11.061206
   3.09321     11.100240
   3.06263     11.141691
   3.03205     11.179068
   3.00148     11.223402
   2.97090     11.283827
   2.94032     11.350708
   2.90974     11.425095
   2.87916     11.505697
   2.84858     11.592596
   2.81800     11.687888
   2.78742     11.900363
   2.75684     11.837459
   2.72626     11.782562
   2.69568     11.735837
   2.66510     11.697438
   2.63453     11.667508
   2.60395     11.646237
   2.57337     11.633657
   2.54279     11.629828
   2.51221     11.634787
   2.48163     11.649303
   2.45105     11.671741
   2.42047     11.703097
   2.38989     11.743180
   2.35931     11.791936
   2.32873     11.849293
   2.29815     11.917593
   2.26758     11.991799
   2.23700     12.072786
   2.20642     12.163026
   2.17584     12.261425
   2.14526     12.368166
   2.11468     12.481181
   2.08410     12.603342
   2.08410     12.603342
   2.07391     12.598158
   2.06371     12.583008
   2.05352     12.559068
   2.04333     12.527675
   2.03314     12.491074
   2.02294     12.449330
   2.01275     12.404231
   2.00256     12.356681
   1.99236     12.307384
   1.98217     12.256890
   1.97198     12.205630
   1.96178     12.153945
   1.95159     12.101798
   1.94140     12.050748
   1.93121     11.999276
   1.92101     11.948246
   1.91082     11.897807
   1.90063     11.848095
   1.89043     11.799549
   1.88024     11.751633
   1.87005     11.704805
   1.85985     11.659183
   1.84966     11.614882
   1.83947     11.572023
   1.82927     11.530730
   1.81908     11.491904
   1.80889     11.453614
   1.79870     11.417838
   1.78850     11.384195
   1.77831     11.352847
   1.76812     11.323969
   1.75792     11.297742
   1.74773     11.275282
   1.73754     11.254891
   1.72734     11.237801
   1.71715     11.224174
   1.70696     11.214213
   1.69677     11.208111
   1.68657     11.206042
   1.68657     11.206042
   1.67216     11.211321
   1.65774     11.226651
   1.64333     11.251881
   1.62891     11.286559
   1.61450     11.329309
   1.60008     11.380711
   1.58567     11.440099
   1.57125     11.506323
   1.55684     11.578520
   1.54242     11.656442
   1.52801     11.739329
   1.51359     11.826658
   1.49918     11.917936
   1.48476     12.012853
   1.47034     12.110215
   1.45593     12.211082
   1.44151     12.314468
   1.42710     12.420092
   1.41268     12.527700
   1.39827     12.637997
   1.38385     12.748861
   1.36944     12.859024
   1.35502     12.972250
   1.34061     13.086366
   1.32619     13.200459
   1.31178     13.315640
   1.29736     13.431028
   1.28295     13.546315
   1.26853     13.661199
   1.25412     13.775270
   1.23970     13.888034
   1.22529     13.998822
   1.21087     14.106670
   1.19646     14.210342
   1.18204     14.307742
   1.16763     14.395553
   1.15321     14.468607
   1.13880     14.518860
   1.12438     14.537130
   1.12438     14.537130
   1.09555     14.531059
   1.06672     14.487934
   1.03789     14.420661
   1.00906     14.333500
   0.98023     14.230762
   0.95140     14.116368
   0.92257     13.993572
   0.89374     13.862373
   0.86491     13.728970
   0.83608     13.592875
   0.80725     13.452461
   0.77842     13.314226
   0.74959     13.175919
   0.72076     13.038542
   0.69193     12.902587
   0.66310     12.768457
   0.63427     12.636416
   0.60544     12.507111
   0.57661     12.380752
   0.54778     12.257615
   0.51895     12.141534
   0.49011     12.025950
   0.46128     11.914921
   0.43245     11.808398
   0.40362     11.706687
   0.37479     11.603911
   0.34596     11.515622
   0.31713     11.427478
   0.28830     11.348606
   0.25947     11.275784
   0.23064     11.210209
   0.20181     11.152069
   0.17298     11.100830
   0.14415     11.057102
   0.11532     11.024355
   0.08649     10.996134
   0.05766     10.975886
   0.02883     10.963699
   0.00000     10.959632
