#K-Path(1/A) Energy-Level(eV)
# NKPTS & NBANDS: 400   8
# Band-Index    1
   0.00000    -12.130141
   0.02960    -12.127287
   0.05919    -12.118621
   0.08879    -12.104321
   0.11838    -12.084303
   0.14798    -12.058575
   0.17757    -12.027146
   0.20717    -11.990034
   0.23676    -11.947273
   0.26636    -11.898838
   0.29595    -11.844762
   0.32555    -11.785137
   0.35514    -11.719843
   0.38474    -11.648976
   0.41433    -11.572573
   0.44393    -11.490667
   0.47352    -11.403281
   0.50312    -11.310450
   0.53271    -11.212212
   0.56231    -11.108611
   0.59190    -10.999568
   0.62150    -10.885398
   0.65109    -10.766016
   0.68069    -10.641474
   0.71028    -10.511833
   0.73988    -10.377157
   0.76947    -10.237129
   0.79907    -10.092630
   0.82866     -9.943290
   0.85826     -9.789223
   0.88786     -9.630515
   0.91745     -9.467189
   0.94705     -9.299523
   0.97664     -9.127486
   1.00624     -8.951229
   1.03583     -8.770825
   1.06543     -8.586476
   1.09502     -8.398272
   1.12462     -8.206350
   1.15421     -8.010855
   1.15421     -8.010855
   1.16901     -8.010618
   1.18381     -8.009905
   1.19860     -8.008722
   1.21340     -8.007073
   1.22820     -8.004998
   1.24300     -8.002448
   1.25779     -7.999464
   1.27259     -7.996061
   1.28739     -7.992257
   1.30219     -7.988071
   1.31699     -7.983524
   1.33178     -7.978642
   1.34658     -7.973449
   1.36138     -7.968147
   1.37618     -7.962427
   1.39097     -7.956489
   1.40577     -7.950367
   1.42057     -7.944098
   1.43537     -7.937720
   1.45016     -7.931273
   1.46496     -7.924798
   1.47976     -7.918273
   1.49456     -7.911873
   1.50935     -7.905566
   1.52415     -7.899402
   1.53895     -7.893426
   1.55375     -7.887684
   1.56854     -7.882214
   1.58334     -7.876840
   1.59814     -7.872042
   1.61294     -7.867619
   1.62773     -7.863795
   1.64253     -7.860339
   1.65733     -7.857314
   1.67213     -7.854804
   1.68692     -7.852829
   1.70172     -7.851406
   1.71652     -7.850547
   1.73132     -7.850260
   1.73132     -7.850260
   1.74178     -7.879219
   1.75224     -7.907443
   1.76271     -7.934929
   1.77317     -7.961676
   1.78364     -7.987683
   1.79410     -8.012948
   1.80456     -8.037470
   1.81503     -8.061248
   1.82549     -8.084275
   1.83595     -8.106563
   1.84642     -8.128104
   1.85688     -8.148890
   1.86734     -8.168935
   1.87781     -8.188231
   1.88827     -8.206776
   1.89873     -8.224509
   1.90920     -8.241653
   1.91966     -8.257939
   1.93012     -8.273473
   1.94059     -8.288252
   1.95105     -8.302278
   1.96151     -8.315548
   1.97198     -8.328063
   1.98244     -8.339821
   1.99290     -8.350824
   2.00337     -8.361069
   2.01383     -8.370558
   2.02429     -8.379302
   2.03476     -8.387275
   2.04522     -8.394489
   2.05569     -8.401211
   2.06615     -8.406908
   2.07661     -8.411846
   2.08708     -8.416024
   2.09754     -8.419443
   2.10800     -8.422103
   2.11847     -8.424045
   2.12893     -8.425185
   2.13939     -8.425565
   2.13939     -8.425565
   2.17078     -8.516297
   2.20217     -8.617304
   2.23356     -8.727989
   2.26495     -8.847192
   2.29635     -8.973701
   2.32774     -9.106209
   2.35913     -9.243638
   2.39052     -9.384223
   2.42191     -9.527003
   2.45330     -9.670804
   2.48469     -9.814791
   2.51608     -9.957977
   2.54747    -10.099640
   2.57886    -10.239399
   2.61025    -10.376175
   2.64164    -10.509685
   2.67303    -10.639497
   2.70442    -10.765308
   2.73581    -10.886584
   2.76720    -11.003237
   2.79859    -11.114982
   2.82998    -11.221582
   2.86137    -11.322954
   2.89276    -11.418720
   2.92415    -11.508843
   2.95554    -11.593198
   2.98693    -11.671614
   3.01832    -11.744137
   3.04972    -11.810600
   3.08111    -11.870929
   3.11250    -11.925049
   3.14389    -11.972910
   3.17528    -12.014500
   3.20667    -12.049765
   3.23806    -12.078659
   3.26945    -12.101157
   3.30084    -12.117237
   3.33223    -12.126930
   3.36362    -12.130141
   3.36362    -12.130141
   3.38925    -12.128002
   3.41488    -12.121548
   3.44051    -12.110828
   3.46614    -12.095760
   3.49177    -12.076487
   3.51740    -12.052956
   3.54303    -12.025185
   3.56866    -11.993200
   3.59429    -11.957034
   3.61992    -11.916743
   3.64555    -11.872285
   3.67118    -11.823763
   3.69681    -11.771171
   3.72244    -11.714588
   3.74807    -11.654086
   3.77370    -11.589752
   3.79933    -11.521636
   3.82496    -11.449849
   3.85059    -11.374414
   3.87622    -11.295640
   3.90185    -11.213600
   3.92748    -11.128478
   3.95311    -11.040505
   3.97874    -10.949947
   4.00437    -10.857126
   4.03000    -10.762566
   4.05563    -10.666476
   4.08126    -10.569575
   4.10689    -10.472581
   4.13252    -10.376389
   4.15815    -10.282104
   4.18379    -10.191100
   4.20942    -10.105021
   4.23505    -10.025849
   4.26068     -9.955874
   4.28631     -9.897614
   4.31194     -9.853515
   4.33757     -9.825602
   4.36320     -9.816257
   4.36320     -9.816257
   4.38132     -9.815183
   4.39944     -9.811962
   4.41757     -9.806623
   4.43569     -9.799269
   4.45381     -9.789742
   4.47194     -9.777946
   4.49006     -9.764016
   4.50818     -9.747956
   4.52631     -9.729807
   4.54443     -9.709511
   4.56255     -9.687107
   4.58068     -9.662609
   4.59880     -9.636021
   4.61692     -9.607361
   4.63505     -9.576637
   4.65317     -9.543875
   4.67129     -9.509102
   4.68942     -9.472310
   4.70754     -9.433546
   4.72566     -9.392903
   4.74378     -9.350275
   4.76191     -9.305774
   4.78003     -9.259450
   4.79815     -9.211353
   4.81628     -9.161553
   4.83440     -9.110133
   4.85252     -9.057133
   4.87065     -9.002795
   4.88877     -8.947217
   4.90689     -8.890600
   4.92502     -8.833202
   4.94314     -8.775360
   4.96126     -8.717540
   4.97939     -8.660319
   4.99751     -8.604537
   5.01563     -8.551336
   5.03376     -8.502271
   5.05188     -8.459512
   5.07000     -8.425565
   5.07000     -8.425565
   5.08047     -8.425185
   5.09093     -8.424045
   5.10139     -8.422103
   5.11186     -8.419443
   5.12232     -8.416024
   5.13278     -8.411846
   5.14325     -8.406908
   5.15371     -8.401211
   5.16418     -8.394489
   5.17464     -8.387275
   5.18510     -8.379302
   5.19557     -8.370558
   5.20603     -8.361069
   5.21649     -8.350824
   5.22696     -8.339821
   5.23742     -8.328063
   5.24788     -8.315548
   5.25835     -8.302278
   5.26881     -8.288252
   5.27927     -8.273473
   5.28974     -8.257939
   5.30020     -8.241653
   5.31066     -8.224509
   5.32113     -8.206776
   5.33159     -8.188231
   5.34205     -8.168935
   5.35252     -8.148890
   5.36298     -8.128104
   5.37344     -8.106563
   5.38391     -8.084275
   5.39437     -8.061249
   5.40483     -8.037470
   5.41530     -8.012948
   5.42576     -7.987683
   5.43623     -7.961676
   5.44669     -7.934929
   5.45715     -7.907443
   5.46762     -7.879219
   5.47808     -7.850260
   5.47808     -7.850260
   5.49901     -7.933525
   5.51993     -8.017144
   5.54086     -8.100741
   5.56179     -8.183983
   5.58271     -8.266567
   5.60364     -8.348446
   5.62457     -8.428998
   5.64549     -8.508372
   5.66642     -8.586089
   5.68735     -8.662146
   5.70828     -8.736402
   5.72920     -8.808736
   5.75013     -8.879042
   5.77106     -8.947187
   5.79198     -9.013162
   5.81291     -9.076852
   5.83384     -9.138229
   5.85476     -9.197154
   5.87569     -9.253613
   5.89662     -9.307558
   5.91755     -9.358945
   5.93847     -9.407803
   5.95940     -9.453951
   5.98033     -9.497445
   6.00125     -9.538247
   6.02218     -9.576333
   6.04311     -9.611680
   6.06403     -9.644262
   6.08496     -9.674072
   6.10589     -9.701088
   6.12681     -9.725146
   6.14774     -9.746535
   6.16867     -9.765092
   6.18960     -9.780809
   6.21052     -9.793546
   6.23145     -9.803562
   6.25238     -9.810530
   6.27330     -9.814825
   6.29423     -9.816257
   6.29423     -9.816257
   6.31235     -9.815183
   6.33048     -9.811962
   6.34860     -9.806623
   6.36672     -9.799269
   6.38485     -9.789742
   6.40297     -9.777946
   6.42109     -9.764016
   6.43922     -9.747956
   6.45734     -9.729807
   6.47546     -9.709511
   6.49359     -9.687107
   6.51171     -9.662609
   6.52983     -9.636021
   6.54796     -9.607361
   6.56608     -9.576637
   6.58420     -9.543875
   6.60233     -9.509102
   6.62045     -9.472310
   6.63857     -9.433546
   6.65670     -9.392903
   6.67482     -9.350275
   6.69294     -9.305774
   6.71107     -9.259450
   6.72919     -9.211353
   6.74731     -9.161553
   6.76544     -9.110133
   6.78356     -9.057133
   6.80168     -9.002795
   6.81980     -8.947217
   6.83793     -8.890600
   6.85605     -8.833202
   6.87417     -8.775360
   6.89230     -8.717540
   6.91042     -8.660319
   6.92854     -8.604537
   6.94667     -8.551336
   6.96479     -8.502271
   6.98291     -8.459512
   7.00104     -8.425565
   7.00104     -8.425565
   7.01150     -8.397662
   7.02196     -8.370593
   7.03243     -8.345096
   7.04289     -8.320794
   7.05336     -8.297679
   7.06382     -8.275739
   7.07428     -8.254957
   7.08475     -8.235313
   7.09521     -8.216781
   7.10567     -8.199334
   7.11614     -8.182943
   7.12660     -8.167575
   7.13706     -8.153195
   7.14753     -8.139766
   7.15799     -8.127250
   7.16845     -8.115611
   7.17892     -8.104809
   7.18938     -8.094805
   7.19984     -8.085559
   7.21031     -8.077033
   7.22077     -8.069190
   7.23123     -8.061993
   7.24170     -8.055397
   7.25216     -8.049386
   7.26262     -8.043921
   7.27309     -8.038844
   7.28355     -8.034381
   7.29401     -8.030376
   7.30448     -8.026803
   7.31494     -8.023641
   7.32541     -8.020867
   7.33587     -8.018464
   7.34633     -8.016355
   7.35680     -8.014648
   7.36726     -8.013268
   7.37772     -8.012206
   7.38819     -8.011453
   7.39865     -8.011004
   7.40911     -8.010855
 
# Band-Index    2
   7.40911     -8.010854
   7.39865     -8.010468
   7.38819     -8.009306
   7.37772     -8.007369
   7.36726     -8.004658
   7.35680     -8.001172
   7.34633     -7.996912
   7.33587     -7.991879
   7.32541     -7.986070
   7.31494     -7.979487
   7.30448     -7.972130
   7.29401     -7.963999
   7.28355     -7.955095
   7.27309     -7.945417
   7.26262     -7.935015
   7.25216     -7.923792
   7.24170     -7.911796
   7.23123     -7.899032
   7.22077     -7.885492
   7.21031     -7.871180
   7.19984     -7.856097
   7.18938     -7.840242
   7.17892     -7.823617
   7.16845     -7.806222
   7.15799     -7.788056
   7.14753     -7.769121
   7.13706     -7.749417
   7.12660     -7.728944
   7.11614     -7.707704
   7.10567     -7.685697
   7.09521     -7.662923
   7.08475     -7.639383
   7.07428     -7.615077
   7.06382     -7.590006
   7.05336     -7.564170
   7.04289     -7.537571
   7.03243     -7.510207
   7.02196     -7.482081
   7.01150     -7.453230
   7.00104     -7.423581
   7.00104     -7.423581
   6.98291     -7.388948
   6.96479     -7.347192
   6.94667     -7.302042
   6.92854     -7.255817
   6.91042     -7.210541
   6.89230     -7.167679
   6.87417     -7.128231
   6.85605     -7.093200
   6.83793     -7.062918
   6.81980     -7.037597
   6.80168     -7.017236
   6.78356     -7.001690
   6.76544     -6.990717
   6.74731     -6.983755
   6.72919     -6.980477
   6.71107     -6.980424
   6.69294     -6.983097
   6.67482     -6.988137
   6.65670     -6.995081
   6.63857     -7.003571
   6.62045     -7.013199
   6.60233     -7.023682
   6.58420     -7.034716
   6.56608     -7.046076
   6.54796     -7.057550
   6.52983     -7.068836
   6.51171     -7.079916
   6.49359     -7.090502
   6.47546     -7.100612
   6.45734     -7.110058
   6.43922     -7.118734
   6.42109     -7.126587
   6.40297     -7.133518
   6.38485     -7.139478
   6.36672     -7.144373
   6.34860     -7.148191
   6.33048     -7.150968
   6.31235     -7.152649
   6.29423     -7.153211
   6.29423     -7.153211
   6.27330     -7.152462
   6.25238     -7.150223
   6.23145     -7.146583
   6.21052     -7.141436
   6.18960     -7.134958
   6.16867     -7.127119
   6.14774     -7.118055
   6.12681     -7.107852
   6.10589     -7.096734
   6.08496     -7.084791
   6.06403     -7.072122
   6.04311     -7.059005
   6.02218     -7.045675
   6.00125     -7.032414
   5.98033     -7.019544
   5.95940     -7.007429
   5.93847     -6.996594
   5.91755     -6.987204
   5.89662     -6.980051
   5.87569     -6.975610
   5.85476     -6.974474
   5.83384     -6.977265
   5.81291     -6.984555
   5.79198     -6.997038
   5.77106     -7.015197
   5.75013     -7.039687
   5.72920     -7.070298
   5.70828     -7.107536
   5.68735     -7.151284
   5.66642     -7.201333
   5.64549     -7.257452
   5.62457     -7.318787
   5.60364     -7.385122
   5.58271     -7.455661
   5.56179     -7.529933
   5.54086     -7.607060
   5.51993     -7.686530
   5.49901     -7.767771
   5.47808     -7.850258
   5.47808     -7.850258
   5.46762     -7.821541
   5.45715     -7.794045
   5.44669     -7.767775
   5.43623     -7.742730
   5.42576     -7.718901
   5.41530     -7.696279
   5.40483     -7.674847
   5.39437     -7.654584
   5.38391     -7.635336
   5.37344     -7.617343
   5.36298     -7.600440
   5.35252     -7.584499
   5.34205     -7.569673
   5.33159     -7.555829
   5.32113     -7.542928
   5.31066     -7.530913
   5.30020     -7.519873
   5.28974     -7.509565
   5.27927     -7.500039
   5.26881     -7.491257
   5.25835     -7.483180
   5.24788     -7.475770
   5.23742     -7.468990
   5.22696     -7.462805
   5.21649     -7.457070
   5.20603     -7.451980
   5.19557     -7.447390
   5.18510     -7.443287
   5.17464     -7.439617
   5.16418     -7.436369
   5.15371     -7.433721
   5.14325     -7.431251
   5.13278     -7.429148
   5.12232     -7.427395
   5.11186     -7.425977
   5.10139     -7.424886
   5.09093     -7.424197
   5.08047     -7.423734
   5.07000     -7.423581
   5.07000     -7.423581
   5.05188     -7.388948
   5.03376     -7.347192
   5.01563     -7.302042
   4.99751     -7.255817
   4.97939     -7.210541
   4.96126     -7.167679
   4.94314     -7.128231
   4.92502     -7.093200
   4.90689     -7.062918
   4.88877     -7.037597
   4.87065     -7.017236
   4.85252     -7.001690
   4.83440     -6.990717
   4.81628     -6.983755
   4.79815     -6.980477
   4.78003     -6.980424
   4.76191     -6.983097
   4.74378     -6.988137
   4.72566     -6.995081
   4.70754     -7.003571
   4.68942     -7.013199
   4.67129     -7.023682
   4.65317     -7.034716
   4.63505     -7.046076
   4.61692     -7.057550
   4.59880     -7.068836
   4.58068     -7.079916
   4.56255     -7.090502
   4.54443     -7.100612
   4.52631     -7.110058
   4.50818     -7.118734
   4.49006     -7.126587
   4.47194     -7.133518
   4.45381     -7.139478
   4.43569     -7.144373
   4.41757     -7.148191
   4.39944     -7.150968
   4.38132     -7.152649
   4.36320     -7.153211
   4.36320     -7.153211
   4.33757     -7.139829
   4.31194     -7.100342
   4.28631     -7.036164
   4.26068     -6.949606
   4.23505     -6.843277
   4.20942     -6.719673
   4.18379     -6.581201
   4.15815     -6.429843
   4.13252     -6.267298
   4.10689     -6.094966
   4.08126     -5.914007
   4.05563     -5.725377
   4.03000     -5.529874
   4.00437     -5.326957
   3.97874     -5.119560
   3.95311     -4.907039
   3.92748     -4.689727
   3.90185     -4.468235
   3.87622     -4.242847
   3.85059     -4.013936
   3.82496     -3.782031
   3.79933     -3.547235
   3.77370     -3.310101
   3.74807     -3.070919
   3.72244     -2.830064
   3.69681     -2.588888
   3.67118     -2.347630
   3.64555     -2.107132
   3.61992     -1.868461
   3.59429     -1.631519
   3.56866     -1.400851
   3.54303     -1.177306
   3.51740     -0.963863
   3.49177     -0.764513
   3.46614     -0.584554
   3.44051     -0.431058
   3.41488     -0.311738
   3.38925     -0.236213
   3.36362     -0.209910
   3.36362     -0.209910
   3.33223     -0.245004
   3.30084     -0.344156
   3.26945     -0.496699
   3.23806     -0.687358
   3.20667     -0.904027
   3.17528     -1.137676
   3.14389     -1.381924
   3.11250     -1.632635
   3.08111     -1.886111
   3.04972     -2.140601
   3.01832     -2.394047
   2.98693     -2.645528
   2.95554     -2.895565
   2.92415     -3.140602
   2.89276     -3.381585
   2.86137     -3.618069
   2.82998     -3.849679
   2.79859     -4.076233
   2.76720     -4.297437
   2.73581     -4.513133
   2.70442     -4.723291
   2.67303     -4.927267
   2.64164     -5.125378
   2.61025     -5.317406
   2.57886     -5.503258
   2.54747     -5.682842
   2.51608     -5.856549
   2.48469     -6.023568
   2.45330     -6.183969
   2.42191     -6.337936
   2.39052     -6.485262
   2.35913     -6.625984
   2.32774     -6.760033
   2.29635     -6.887435
   2.26495     -7.008121
   2.23356     -7.122061
   2.20217     -7.229174
   2.17078     -7.329866
   2.13939     -7.423581
   2.13939     -7.423581
   2.12893     -7.423734
   2.11847     -7.424197
   2.10800     -7.424886
   2.09754     -7.425977
   2.08708     -7.427395
   2.07661     -7.429148
   2.06615     -7.431251
   2.05569     -7.433721
   2.04522     -7.436369
   2.03476     -7.439617
   2.02429     -7.443287
   2.01383     -7.447390
   2.00337     -7.451980
   1.99290     -7.457070
   1.98244     -7.462805
   1.97198     -7.468990
   1.96151     -7.475770
   1.95105     -7.483180
   1.94059     -7.491257
   1.93012     -7.500039
   1.91966     -7.509565
   1.90920     -7.519873
   1.89873     -7.530913
   1.88827     -7.542928
   1.87781     -7.555829
   1.86734     -7.569673
   1.85688     -7.584499
   1.84642     -7.600440
   1.83595     -7.617343
   1.82549     -7.635336
   1.81503     -7.654584
   1.80456     -7.674847
   1.79410     -7.696279
   1.78364     -7.718901
   1.77317     -7.742730
   1.76271     -7.767775
   1.75224     -7.794045
   1.74178     -7.821541
   1.73132     -7.850258
   1.73132     -7.850258
   1.71652     -7.850545
   1.70172     -7.851404
   1.68692     -7.852827
   1.67213     -7.854802
   1.65733     -7.857312
   1.64253     -7.860337
   1.62773     -7.863793
   1.61294     -7.867617
   1.59814     -7.872040
   1.58334     -7.876838
   1.56854     -7.882213
   1.55375     -7.887682
   1.53895     -7.893425
   1.52415     -7.899400
   1.50935     -7.905564
   1.49456     -7.911871
   1.47976     -7.918272
   1.46496     -7.924796
   1.45016     -7.931271
   1.43537     -7.937719
   1.42057     -7.944097
   1.40577     -7.950366
   1.39097     -7.956488
   1.37618     -7.962426
   1.36138     -7.968146
   1.34658     -7.973447
   1.33178     -7.978640
   1.31699     -7.983523
   1.30219     -7.988070
   1.28739     -7.992256
   1.27259     -7.996060
   1.25779     -7.999463
   1.24300     -8.002447
   1.22820     -8.004996
   1.21340     -8.007072
   1.19860     -8.008721
   1.18381     -8.009904
   1.16901     -8.010617
   1.15421     -8.010854
   1.15421     -8.010854
   1.12462     -7.811937
   1.09502     -7.609770
   1.06543     -7.404504
   1.03583     -7.196306
   1.00624     -6.985365
   0.97664     -6.771830
   0.94705     -6.555901
   0.91745     -6.336992
   0.88786     -6.116999
   0.85826     -5.895058
   0.82866     -5.671492
   0.79907     -5.446495
   0.76947     -5.220193
   0.73988     -4.992907
   0.71028     -4.764774
   0.68069     -4.535988
   0.65109     -4.306727
   0.62150     -4.077183
   0.59190     -3.847550
   0.56231     -3.617997
   0.53271     -3.388811
   0.50312     -3.160195
   0.47352     -2.932404
   0.44393     -2.705739
   0.41433     -2.480562
   0.38474     -2.257328
   0.35514     -2.036022
   0.32555     -1.818447
   0.29595     -1.604396
   0.26636     -1.396155
   0.23676     -1.194684
   0.20717     -1.001518
   0.17757     -0.820204
   0.14798     -0.653611
   0.11838     -0.505956
   0.08879     -0.382291
   0.05919     -0.288184
   0.02960     -0.230098
   0.00000     -0.209910
 
# Band-Index    3
   0.00000     -0.209894
   0.02960     -0.222375
   0.05919     -0.257862
   0.08879     -0.315888
   0.11838     -0.391866
   0.14798     -0.482050
   0.17757     -0.582940
   0.20717     -0.691519
   0.23676     -0.805351
   0.26636     -0.922359
   0.29595     -1.041013
   0.32555     -1.161728
   0.35514     -1.280169
   0.38474     -1.397356
   0.41433     -1.512420
   0.44393     -1.624993
   0.47352     -1.734648
   0.50312     -1.841039
   0.53271     -1.943880
   0.56231     -2.042931
   0.59190     -2.138004
   0.62150     -2.228893
   0.65109     -2.315467
   0.68069     -2.397600
   0.71028     -2.475182
   0.73988     -2.548117
   0.76947     -2.616255
   0.79907     -2.680439
   0.82866     -2.738949
   0.85826     -2.792536
   0.88786     -2.841154
   0.91745     -2.884603
   0.94705     -2.923313
   0.97664     -2.956779
   1.00624     -2.985141
   1.03583     -3.008032
   1.06543     -3.026107
   1.09502     -3.039027
   1.12462     -3.046782
   1.15421     -3.049367
   1.15421     -3.049367
   1.16901     -3.051547
   1.18381     -3.058049
   1.19860     -3.068770
   1.21340     -3.083542
   1.22820     -3.102399
   1.24300     -3.124567
   1.25779     -3.149987
   1.27259     -3.178331
   1.28739     -3.209252
   1.30219     -3.242443
   1.31699     -3.277473
   1.33178     -3.314040
   1.34658     -3.351815
   1.36138     -3.391172
   1.37618     -3.430441
   1.39097     -3.470021
   1.40577     -3.509647
   1.42057     -3.549072
   1.43537     -3.588067
   1.45016     -3.626418
   1.46496     -3.663924
   1.47976     -3.700388
   1.49456     -3.735741
   1.50935     -3.769656
   1.52415     -3.802063
   1.53895     -3.832826
   1.55375     -3.861819
   1.56854     -3.888924
   1.58334     -3.913890
   1.59814     -3.936901
   1.61294     -3.957671
   1.62773     -3.976435
   1.64253     -3.992774
   1.65733     -4.006614
   1.67213     -4.018008
   1.68692     -4.026915
   1.70172     -4.033300
   1.71652     -4.037141
   1.73132     -4.038423
   1.73132     -4.038423
   1.74178     -4.060194
   1.75224     -4.081489
   1.76271     -4.102300
   1.77317     -4.122617
   1.78364     -4.142435
   1.79410     -4.161745
   1.80456     -4.180543
   1.81503     -4.198820
   1.82549     -4.216547
   1.83595     -4.233767
   1.84642     -4.250451
   1.85688     -4.266591
   1.86734     -4.282185
   1.87781     -4.297227
   1.88827     -4.311713
   1.89873     -4.325541
   1.90920     -4.338936
   1.91966     -4.351726
   1.93012     -4.363944
   1.94059     -4.375587
   1.95105     -4.386651
   1.96151     -4.397134
   1.97198     -4.407032
   1.98244     -4.416343
   1.99290     -4.425065
   2.00337     -4.433195
   2.01383     -4.440732
   2.02429     -4.447853
   2.03476     -4.454195
   2.04522     -4.459937
   2.05569     -4.465402
   2.06615     -4.469939
   2.07661     -4.473875
   2.08708     -4.477207
   2.09754     -4.479934
   2.10800     -4.482057
   2.11847     -4.483584
   2.12893     -4.484493
   2.13939     -4.484797
   2.13939     -4.484797
   2.17078     -4.541929
   2.20217     -4.579563
   2.23356     -4.598418
   2.26495     -4.598816
   2.29635     -4.581643
   2.32774     -4.547952
   2.35913     -4.499034
   2.39052     -4.435693
   2.42191     -4.359208
   2.45330     -4.270444
   2.48469     -4.170691
   2.51608     -4.060469
   2.54747     -3.940752
   2.57886     -3.812573
   2.61025     -3.676352
   2.64164     -3.532760
   2.67303     -3.382419
   2.70442     -3.226089
   2.73581     -3.063339
   2.76720     -2.896320
   2.79859     -2.725029
   2.82998     -2.550105
   2.86137     -2.372069
   2.89276     -2.192090
   2.92415     -2.010835
   2.95554     -1.829293
   2.98693     -1.647792
   3.01832     -1.469044
   3.04972     -1.293746
   3.08111     -1.123532
   3.11250     -0.960239
   3.14389     -0.805296
   3.17528     -0.662704
   3.20667     -0.534393
   3.23806     -0.423328
   3.26945     -0.332581
   3.30084     -0.265111
   3.33223     -0.223969
   3.36362     -0.209894
   3.36362     -0.209894
   3.38925     -0.213650
   3.41488     -0.224797
   3.44051     -0.242977
   3.46614     -0.266661
   3.49177     -0.297162
   3.51740     -0.332672
   3.54303     -0.372379
   3.56866     -0.415485
   3.59429     -0.461234
   3.61992     -0.509000
   3.64555     -0.558027
   3.67118     -0.608783
   3.69681     -0.658863
   3.72244     -0.708812
   3.74807     -0.758529
   3.77370     -0.807552
   3.79933     -0.855157
   3.82496     -0.901490
   3.85059     -0.946346
   3.87622     -0.989578
   3.90185     -1.031047
   3.92748     -1.070640
   3.95311     -1.108294
   3.97874     -1.143871
   4.00437     -1.177336
   4.03000     -1.208779
   4.05563     -1.237809
   4.08126     -1.264653
   4.10689     -1.289227
   4.13252     -1.311508
   4.15815     -1.331476
   4.18379     -1.349120
   4.20942     -1.364428
   4.23505     -1.377410
   4.26068     -1.388023
   4.28631     -1.396283
   4.31194     -1.401619
   4.33757     -1.405058
   4.36320     -1.406238
   4.36320     -1.406238
   4.38132     -1.416701
   4.39944     -1.447577
   4.41757     -1.497861
   4.43569     -1.564706
   4.45381     -1.646068
   4.47194     -1.739518
   4.49006     -1.842836
   4.50818     -1.954022
   4.52631     -2.071524
   4.54443     -2.193493
   4.56255     -2.318873
   4.58068     -2.447265
   4.59880     -2.576428
   4.61692     -2.706402
   4.63505     -2.836120
   4.65317     -2.965116
   4.67129     -3.093003
   4.68942     -3.218696
   4.70754     -3.341992
   4.72566     -3.462162
   4.74378     -3.578808
   4.76191     -3.691256
   4.78003     -3.799237
   4.79815     -3.901453
   4.81628     -3.997626
   4.83440     -4.087131
   4.85252     -4.169292
   4.87065     -4.243662
   4.88877     -4.309696
   4.90689     -4.366974
   4.92502     -4.415204
   4.94314     -4.454228
   4.96126     -4.484087
   4.97939     -4.504801
   4.99751     -4.516683
   5.01563     -4.520135
   5.03376     -4.515599
   5.05188     -4.503771
   5.07000     -4.484797
   5.07000     -4.484797
   5.08047     -4.484493
   5.09093     -4.483584
   5.10139     -4.482057
   5.11186     -4.479934
   5.12232     -4.477207
   5.13278     -4.473875
   5.14325     -4.469939
   5.15371     -4.465402
   5.16418     -4.459937
   5.17464     -4.454195
   5.18510     -4.447853
   5.19557     -4.440732
   5.20603     -4.433195
   5.21649     -4.425065
   5.22696     -4.416343
   5.23742     -4.407032
   5.24788     -4.397134
   5.25835     -4.386651
   5.26881     -4.375587
   5.27927     -4.363944
   5.28974     -4.351726
   5.30020     -4.338936
   5.31066     -4.325541
   5.32113     -4.311713
   5.33159     -4.297227
   5.34205     -4.282185
   5.35252     -4.266591
   5.36298     -4.250451
   5.37344     -4.233767
   5.38391     -4.216547
   5.39437     -4.198820
   5.40483     -4.180543
   5.41530     -4.161745
   5.42576     -4.142435
   5.43623     -4.122617
   5.44669     -4.102300
   5.45715     -4.081489
   5.46762     -4.060194
   5.47808     -4.038423
   5.47808     -4.038423
   5.49901     -4.098039
   5.51993     -4.152019
   5.54086     -4.199777
   5.56179     -4.240688
   5.58271     -4.274033
   5.60364     -4.299362
   5.62457     -4.315718
   5.64549     -4.322663
   5.66642     -4.319235
   5.68735     -4.305366
   5.70828     -4.280546
   5.72920     -4.244582
   5.75013     -4.197532
   5.77106     -4.139253
   5.79198     -4.070501
   5.81291     -3.991611
   5.83384     -3.903294
   5.85476     -3.806033
   5.87569     -3.700672
   5.89662     -3.587973
   5.91755     -3.468710
   5.93847     -3.343703
   5.95940     -3.213195
   5.98033     -3.078796
   6.00125     -2.940903
   6.02218     -2.800332
   6.04311     -2.657959
   6.06403     -2.514600
   6.08496     -2.371657
   6.10589     -2.229765
   6.12681     -2.091354
   6.14774     -1.958022
   6.16867     -1.831920
   6.18960     -1.715785
   6.21052     -1.612835
   6.23145     -1.526840
   6.25238     -1.461006
   6.27330     -1.420166
   6.29423     -1.406238
   6.29423     -1.406238
   6.31235     -1.416701
   6.33048     -1.447577
   6.34860     -1.497861
   6.36672     -1.564706
   6.38485     -1.646068
   6.40297     -1.739518
   6.42109     -1.842836
   6.43922     -1.954022
   6.45734     -2.071524
   6.47546     -2.193493
   6.49359     -2.318873
   6.51171     -2.447265
   6.52983     -2.576428
   6.54796     -2.706402
   6.56608     -2.836120
   6.58420     -2.965116
   6.60233     -3.093003
   6.62045     -3.218696
   6.63857     -3.341992
   6.65670     -3.462162
   6.67482     -3.578808
   6.69294     -3.691256
   6.71107     -3.799237
   6.72919     -3.901453
   6.74731     -3.997626
   6.76544     -4.087131
   6.78356     -4.169292
   6.80168     -4.243662
   6.81980     -4.309696
   6.83793     -4.366974
   6.85605     -4.415204
   6.87417     -4.454228
   6.89230     -4.484087
   6.91042     -4.504801
   6.92854     -4.516683
   6.94667     -4.520135
   6.96479     -4.515599
   6.98291     -4.503771
   7.00104     -4.484797
   7.00104     -4.484797
   7.01150     -4.461479
   7.02196     -4.435745
   7.03243     -4.408259
   7.04289     -4.378750
   7.05336     -4.347264
   7.06382     -4.313857
   7.07428     -4.278591
   7.08475     -4.241534
   7.09521     -4.202766
   7.10567     -4.162371
   7.11614     -4.120445
   7.12660     -4.077092
   7.13706     -4.032422
   7.14753     -3.986557
   7.15799     -3.939628
   7.16845     -3.891776
   7.17892     -3.843002
   7.18938     -3.793773
   7.19984     -3.744108
   7.21031     -3.694196
   7.22077     -3.644237
   7.23123     -3.594446
   7.24170     -3.544908
   7.25216     -3.496165
   7.26262     -3.448335
   7.27309     -3.401283
   7.28355     -3.356150
   7.29401     -3.312826
   7.30448     -3.271639
   7.31494     -3.232931
   7.32541     -3.197046
   7.33587     -3.164333
   7.34633     -3.134692
   7.35680     -3.109348
   7.36726     -3.088147
   7.37772     -3.071358
   7.38819     -3.059199
   7.39865     -3.051834
   7.40911     -3.049367
 
# Band-Index    4
   7.40911     -3.049359
   7.39865     -3.049072
   7.38819     -3.048211
   7.37772     -3.046776
   7.36726     -3.044767
   7.35680     -3.042185
   7.34633     -3.039030
   7.33587     -3.035387
   7.32541     -3.031087
   7.31494     -3.026216
   7.30448     -3.020776
   7.29401     -3.014767
   7.28355     -3.008192
   7.27309     -3.001050
   7.26262     -2.993639
   7.25216     -2.985370
   7.24170     -2.976539
   7.23123     -2.967178
   7.22077     -2.957231
   7.21031     -2.946730
   7.19984     -2.935677
   7.18938     -2.924074
   7.17892     -2.911926
   7.16845     -2.899233
   7.15799     -2.886000
   7.14753     -2.872229
   7.13706     -2.857924
   7.12660     -2.843087
   7.11614     -2.827724
   7.10567     -2.811838
   7.09521     -2.795433
   7.08475     -2.778512
   7.07428     -2.761081
   7.06382     -2.743143
   7.05336     -2.724705
   7.04289     -2.705770
   7.03243     -2.686344
   7.02196     -2.666431
   7.01150     -2.646039
   7.00104     -2.625171
   7.00104     -2.625171
   6.98291     -2.603255
   6.96479     -2.579638
   6.94667     -2.554544
   6.92854     -2.527916
   6.91042     -2.499795
   6.89230     -2.470225
   6.87417     -2.439355
   6.85605     -2.407040
   6.83793     -2.373437
   6.81980     -2.338609
   6.80168     -2.302626
   6.78356     -2.265564
   6.76544     -2.227583
   6.74731     -2.188264
   6.72919     -2.148498
   6.71107     -2.108037
   6.69294     -2.066923
   6.67482     -2.025439
   6.65670     -1.983650
   6.63857     -1.941735
   6.62045     -1.899814
   6.60233     -1.858089
   6.58420     -1.816637
   6.56608     -1.775907
   6.54796     -1.736001
   6.52983     -1.696738
   6.51171     -1.659209
   6.49359     -1.623253
   6.47546     -1.589144
   6.45734     -1.557156
   6.43922     -1.527347
   6.42109     -1.500440
   6.40297     -1.476478
   6.38485     -1.455714
   6.36672     -1.438310
   6.34860     -1.424173
   6.33048     -1.414242
   6.31235     -1.408246
   6.29423     -1.406238
   6.29423     -1.406238
   6.27330     -1.408917
   6.25238     -1.416953
   6.23145     -1.430668
   6.21052     -1.449418
   6.18960     -1.473504
   6.16867     -1.502890
   6.14774     -1.537539
   6.12681     -1.577395
   6.10589     -1.622722
   6.08496     -1.672857
   6.06403     -1.727700
   6.04311     -1.787239
   6.02218     -1.851257
   6.00125     -1.919520
   5.98033     -1.991762
   5.95940     -2.067690
   5.93847     -2.147276
   5.91755     -2.229907
   5.89662     -2.314952
   5.87569     -2.402336
   5.85476     -2.491692
   5.83384     -2.582661
   5.81291     -2.674906
   5.79198     -2.768019
   5.77106     -2.861673
   5.75013     -2.956158
   5.72920     -3.049832
   5.70828     -3.143034
   5.68735     -3.235416
   5.66642     -3.326645
   5.64549     -3.416452
   5.62457     -3.504376
   5.60364     -3.590140
   5.58271     -3.673274
   5.56179     -3.753935
   5.54086     -3.831017
   5.51993     -3.904420
   5.49901     -3.973709
   5.47808     -4.038415
   5.47808     -4.038415
   5.46762     -4.015369
   5.45715     -3.990257
   5.44669     -3.963110
   5.43623     -3.933964
   5.42576     -3.902863
   5.41530     -3.869859
   5.40483     -3.835013
   5.39437     -3.798394
   5.38391     -3.759892
   5.37344     -3.719964
   5.36298     -3.678524
   5.35252     -3.635261
   5.34205     -3.591109
   5.33159     -3.545782
   5.32113     -3.499412
   5.31066     -3.452119
   5.30020     -3.404211
   5.28974     -3.355600
   5.27927     -3.306578
   5.26881     -3.257334
   5.25835     -3.208067
   5.24788     -3.158994
   5.23742     -3.110345
   5.22696     -3.062366
   5.21649     -3.015019
   5.20603     -2.969186
   5.19557     -2.924857
   5.18510     -2.882391
   5.17464     -2.842010
   5.16418     -2.804095
   5.15371     -2.769025
   5.14325     -2.736920
   5.13278     -2.708398
   5.12232     -2.683648
   5.11186     -2.662958
   5.10139     -2.646581
   5.09093     -2.634753
   5.08047     -2.627575
   5.07000     -2.625171
   5.07000     -2.625171
   5.05188     -2.603255
   5.03376     -2.579638
   5.01563     -2.554544
   4.99751     -2.527916
   4.97939     -2.499795
   4.96126     -2.470225
   4.94314     -2.439355
   4.92502     -2.407040
   4.90689     -2.373437
   4.88877     -2.338609
   4.87065     -2.302626
   4.85252     -2.265564
   4.83440     -2.227583
   4.81628     -2.188264
   4.79815     -2.148498
   4.78003     -2.108037
   4.76191     -2.066923
   4.74378     -2.025439
   4.72566     -1.983650
   4.70754     -1.941735
   4.68942     -1.899814
   4.67129     -1.858089
   4.65317     -1.816637
   4.63505     -1.775907
   4.61692     -1.736001
   4.59880     -1.696738
   4.58068     -1.659209
   4.56255     -1.623253
   4.54443     -1.589144
   4.52631     -1.557156
   4.50818     -1.527347
   4.49006     -1.500440
   4.47194     -1.476478
   4.45381     -1.455714
   4.43569     -1.438310
   4.41757     -1.424173
   4.39944     -1.414242
   4.38132     -1.408246
   4.36320     -1.406238
   4.36320     -1.406238
   4.33757     -1.405058
   4.31194     -1.401619
   4.28631     -1.396283
   4.26068     -1.388023
   4.23505     -1.377410
   4.20942     -1.364428
   4.18379     -1.349120
   4.15815     -1.331476
   4.13252     -1.311507
   4.10689     -1.289227
   4.08126     -1.264653
   4.05563     -1.237809
   4.03000     -1.208779
   4.00437     -1.177336
   3.97874     -1.143871
   3.95311     -1.108294
   3.92748     -1.070640
   3.90185     -1.031047
   3.87622     -0.989578
   3.85059     -0.946346
   3.82496     -0.901490
   3.79933     -0.855157
   3.77370     -0.807552
   3.74807     -0.758529
   3.72244     -0.708812
   3.69681     -0.658863
   3.67118     -0.608783
   3.64555     -0.558027
   3.61992     -0.509000
   3.59429     -0.461234
   3.56866     -0.415485
   3.54303     -0.372379
   3.51740     -0.332672
   3.49177     -0.297162
   3.46614     -0.266661
   3.44051     -0.242977
   3.41488     -0.224796
   3.38925     -0.213650
   3.36362     -0.209893
   3.36362     -0.209893
   3.33223     -0.211311
   3.30084     -0.215590
   3.26945     -0.222816
   3.23806     -0.233124
   3.20667     -0.246695
   3.17528     -0.263752
   3.14389     -0.284551
   3.11250     -0.309362
   3.08111     -0.339008
   3.04972     -0.372775
   3.01832     -0.411308
   2.98693     -0.454863
   2.95554     -0.503921
   2.92415     -0.557913
   2.89276     -0.617160
   2.86137     -0.681561
   2.82998     -0.751360
   2.79859     -0.825471
   2.76720     -0.903930
   2.73581     -0.987317
   2.70442     -1.073135
   2.67303     -1.160984
   2.64164     -1.252150
   2.61025     -1.345123
   2.57886     -1.439336
   2.54747     -1.534234
   2.51608     -1.629461
   2.48469     -1.724202
   2.45330     -1.818031
   2.42191     -1.910747
   2.39052     -2.001541
   2.35913     -2.090212
   2.32774     -2.176302
   2.29635     -2.259691
   2.26495     -2.339972
   2.23356     -2.416875
   2.20217     -2.490155
   2.17078     -2.559641
   2.13939     -2.625171
   2.13939     -2.625171
   2.12893     -2.627575
   2.11847     -2.634753
   2.10800     -2.646581
   2.09754     -2.662958
   2.08708     -2.683648
   2.07661     -2.708398
   2.06615     -2.736920
   2.05569     -2.769025
   2.04522     -2.804095
   2.03476     -2.842010
   2.02429     -2.882391
   2.01383     -2.924857
   2.00337     -2.969186
   1.99290     -3.015019
   1.98244     -3.062366
   1.97198     -3.110345
   1.96151     -3.158994
   1.95105     -3.208067
   1.94059     -3.257334
   1.93012     -3.306578
   1.91966     -3.355600
   1.90920     -3.404211
   1.89873     -3.452119
   1.88827     -3.499412
   1.87781     -3.545782
   1.86734     -3.591109
   1.85688     -3.635261
   1.84642     -3.678524
   1.83595     -3.719964
   1.82549     -3.759892
   1.81503     -3.798394
   1.80456     -3.835013
   1.79410     -3.869859
   1.78364     -3.902863
   1.77317     -3.933964
   1.76271     -3.963110
   1.75224     -3.990257
   1.74178     -4.015369
   1.73132     -4.038415
   1.73132     -4.038415
   1.71652     -4.037133
   1.70172     -4.033292
   1.68692     -4.026906
   1.67213     -4.017999
   1.65733     -4.006605
   1.64253     -3.992766
   1.62773     -3.976427
   1.61294     -3.957663
   1.59814     -3.936893
   1.58334     -3.913882
   1.56854     -3.888916
   1.55375     -3.861811
   1.53895     -3.832818
   1.52415     -3.802055
   1.50935     -3.769647
   1.49456     -3.735732
   1.47976     -3.700380
   1.46496     -3.663916
   1.45016     -3.626409
   1.43537     -3.588059
   1.42057     -3.549064
   1.40577     -3.509638
   1.39097     -3.470012
   1.37618     -3.430432
   1.36138     -3.391163
   1.34658     -3.351807
   1.33178     -3.314032
   1.31699     -3.277465
   1.30219     -3.242435
   1.28739     -3.209244
   1.27259     -3.178322
   1.25779     -3.149979
   1.24300     -3.124558
   1.22820     -3.102390
   1.21340     -3.083534
   1.19860     -3.068762
   1.18381     -3.058041
   1.16901     -3.051538
   1.15421     -3.049359
   1.15421     -3.049359
   1.12462     -3.046774
   1.09502     -3.039019
   1.06543     -3.026099
   1.03583     -3.008023
   1.00624     -2.985132
   0.97664     -2.956770
   0.94705     -2.923305
   0.91745     -2.884594
   0.88786     -2.841145
   0.85826     -2.792527
   0.82866     -2.738940
   0.79907     -2.680430
   0.76947     -2.616246
   0.73988     -2.548108
   0.71028     -2.475173
   0.68069     -2.397591
   0.65109     -2.315458
   0.62150     -2.228883
   0.59190     -2.137995
   0.56231     -2.042922
   0.53271     -1.943871
   0.50312     -1.841030
   0.47352     -1.734639
   0.44393     -1.624983
   0.41433     -1.512411
   0.38474     -1.397346
   0.35514     -1.280159
   0.32555     -1.161718
   0.29595     -1.041003
   0.26636     -0.922349
   0.23676     -0.805341
   0.20717     -0.691509
   0.17757     -0.582930
   0.14798     -0.482040
   0.11838     -0.391856
   0.08879     -0.315878
   0.05919     -0.257852
   0.02960     -0.222365
   0.00000     -0.209894
 
# Band-Index    5
   0.00000      2.354590
   0.02960      2.347439
   0.05919      2.326332
   0.08879      2.291646
   0.11838      2.244590
   0.14798      2.186483
   0.17757      2.118813
   0.20717      2.043137
   0.23676      1.960963
   0.26636      1.873827
   0.29595      1.783074
   0.32555      1.689299
   0.35514      1.594919
   0.38474      1.500276
   0.41433      1.406318
   0.44393      1.313653
   0.47352      1.223034
   0.50312      1.135056
   0.53271      1.050235
   0.56231      0.969028
   0.59190      0.892525
   0.62150      0.819702
   0.65109      0.751579
   0.68069      0.688442
   0.71028      0.630553
   0.73988      0.578149
   0.76947      0.532566
   0.79907      0.491778
   0.82866      0.457083
   0.85826      0.428649
   0.88786      0.406640
   0.91745      0.392042
   0.94705      0.383168
   0.97664      0.381297
   1.00624      0.386438
   1.03583      0.399722
   1.06543      0.419260
   1.09502      0.446194
   1.12462      0.480645
   1.15421      0.522722
   1.15421      0.522722
   1.16901      0.526710
   1.18381      0.538638
   1.19860      0.558406
   1.21340      0.585849
   1.22820      0.620412
   1.24300      0.662518
   1.25779      0.711521
   1.27259      0.767099
   1.28739      0.828921
   1.30219      0.896613
   1.31699      0.969908
   1.33178      1.048444
   1.34658      1.131906
   1.36138      1.218417
   1.37618      1.310845
   1.39097      1.407347
   1.40577      1.507678
   1.42057      1.611605
   1.43537      1.718914
   1.45016      1.829404
   1.46496      1.942888
   1.47976      2.059206
   1.49456      2.177794
   1.50935      2.299203
   1.52415      2.422929
   1.53895      2.548806
   1.55375      2.676661
   1.56854      2.806305
   1.58334      2.937826
   1.59814      3.070354
   1.61294      3.204267
   1.62773      3.337267
   1.64253      3.470684
   1.65733      3.603152
   1.67213      3.732387
   1.68692      3.854822
   1.70172      3.963376
   1.71652      4.044085
   1.73132      4.075336
   1.73132      4.075336
   1.74178      4.037752
   1.75224      3.972630
   1.76271      3.887879
   1.77317      3.790774
   1.78364      3.686300
   1.79410      3.577554
   1.80456      3.466438
   1.81503      3.354154
   1.82549      3.242294
   1.83595      3.129800
   1.84642      3.017872
   1.85688      2.906959
   1.86734      2.797047
   1.87781      2.688468
   1.88827      2.581412
   1.89873      2.476065
   1.90920      2.372355
   1.91966      2.270905
   1.93012      2.171666
   1.94059      2.074819
   1.95105      1.980550
   1.96151      1.889059
   1.97198      1.800558
   1.98244      1.715271
   1.99290      1.634507
   2.00337      1.556391
   2.01383      1.482262
   2.02429      1.411737
   2.03476      1.346476
   2.04522      1.286102
   2.05569      1.230736
   2.06615      1.181097
   2.07661      1.137299
   2.08708      1.099644
   2.09754      1.068408
   2.10800      1.043836
   2.11847      1.026114
   2.12893      1.015429
   2.13939      1.011857
   2.13939      1.011857
   2.17078      1.087852
   2.20217      1.168311
   2.23356      1.252885
   2.26495      1.341791
   2.29635      1.434462
   2.32774      1.530488
   2.35913      1.629380
   2.39052      1.730605
   2.42191      1.833498
   2.45330      1.937382
   2.48469      2.041193
   2.51608      2.144551
   2.54747      2.245197
   2.57886      2.340214
   2.61025      2.432248
   2.64164      2.517743
   2.67303      2.595131
   2.70442      2.662398
   2.73581      2.719371
   2.76720      2.764864
   2.79859      2.798263
   2.82998      2.819972
   2.86137      2.830066
   2.89276      2.831070
   2.92415      2.823792
   2.95554      2.809360
   2.98693      2.790469
   3.01832      2.755274
   3.04972      2.685828
   3.08111      2.622948
   3.11250      2.566674
   3.14389      2.517000
   3.17528      2.473936
   3.20667      2.437515
   3.23806      2.407654
   3.26945      2.384448
   3.30084      2.367874
   3.33223      2.357925
   3.36362      2.354592
   3.36362      2.354592
   3.38925      2.360091
   3.41488      2.376383
   3.44051      2.399187
   3.46614      2.410405
   3.49177      2.409643
   3.51740      2.396876
   3.54303      2.373910
   3.56866      2.342881
   3.59429      2.305654
   3.61992      2.263273
   3.64555      2.217931
   3.67118      2.170115
   3.69681      2.120670
   3.72244      2.070259
   3.74807      2.019022
   3.77370      1.968225
   3.79933      1.918773
   3.82496      1.869330
   3.85059      1.822953
   3.87622      1.775965
   3.90185      1.730579
   3.92748      1.686977
   3.95311      1.644895
   3.97874      1.605293
   4.00437      1.567877
   4.03000      1.532678
   4.05563      1.499927
   4.08126      1.469584
   4.10689      1.441731
   4.13252      1.416416
   4.15815      1.393681
   4.18379      1.373559
   4.20942      1.356080
   4.23505      1.339783
   4.26068      1.327596
   4.28631      1.318104
   4.31194      1.311420
   4.33757      1.307553
   4.36320      1.306193
   4.36320      1.306193
   4.38132      1.315961
   4.39944      1.344652
   4.41757      1.390516
   4.43569      1.450821
   4.45381      1.522442
   4.47194      1.601645
   4.49006      1.684309
   4.50818      1.766052
   4.52631      1.841907
   4.54443      1.907201
   4.56255      1.957743
   4.58068      1.990903
   4.59880      2.006200
   4.61692      2.004918
   4.63505      1.991029
   4.65317      1.965464
   4.67129      1.931387
   4.68942      1.891690
   4.70754      1.847724
   4.72566      1.801102
   4.74378      1.752332
   4.76191      1.702461
   4.78003      1.652021
   4.79815      1.601706
   4.81628      1.551821
   4.83440      1.502636
   4.85252      1.454808
   4.87065      1.408084
   4.88877      1.362659
   4.90689      1.318823
   4.92502      1.276710
   4.94314      1.236430
   4.96126      1.197816
   4.97939      1.161461
   4.99751      1.127511
   5.01563      1.095351
   5.03376      1.065365
   5.05188      1.037413
   5.07000      1.011857
   5.07000      1.011857
   5.08047      1.015429
   5.09093      1.026114
   5.10139      1.043836
   5.11186      1.068408
   5.12232      1.099644
   5.13278      1.137299
   5.14325      1.181097
   5.15371      1.230736
   5.16418      1.286102
   5.17464      1.346476
   5.18510      1.411737
   5.19557      1.482262
   5.20603      1.556391
   5.21649      1.634507
   5.22696      1.715271
   5.23742      1.800558
   5.24788      1.889059
   5.25835      1.980550
   5.26881      2.074819
   5.27927      2.171666
   5.28974      2.270905
   5.30020      2.372355
   5.31066      2.476065
   5.32113      2.581412
   5.33159      2.688468
   5.34205      2.797047
   5.35252      2.906959
   5.36298      3.017872
   5.37344      3.129799
   5.38391      3.242294
   5.39437      3.354158
   5.40483      3.466443
   5.41530      3.577553
   5.42576      3.686308
   5.43623      3.790782
   5.44669      3.887876
   5.45715      3.972640
   5.46762      4.037761
   5.47808      4.075336
   5.47808      4.075336
   5.49901      4.006094
   5.51993      3.928311
   5.54086      3.847342
   5.56179      3.766049
   5.58271      3.686346
   5.60364      3.607323
   5.62457      3.532359
   5.64549      3.460509
   5.66642      3.393124
   5.68735      3.328807
   5.70828      3.268512
   5.72920      3.212416
   5.75013      3.158968
   5.77106      3.112576
   5.79198      3.069938
   5.81291      3.032043
   5.83384      2.998852
   5.85476      2.958685
   5.87569      2.885366
   5.89662      2.812615
   5.91755      2.740050
   5.93847      2.667124
   5.95940      2.593858
   5.98033      2.518602
   6.00125      2.441060
   6.02218      2.360424
   6.04311      2.275906
   6.06403      2.187045
   6.08496      2.093115
   6.10589      1.994602
   6.12681      1.892447
   6.14774      1.787972
   6.16867      1.684518
   6.18960      1.585320
   6.21052      1.494656
   6.23145      1.416963
   6.25238      1.357125
   6.27330      1.319194
   6.29423      1.306193
   6.29423      1.306193
   6.31235      1.315961
   6.33048      1.344652
   6.34860      1.390516
   6.36672      1.450821
   6.38485      1.522442
   6.40297      1.601645
   6.42109      1.684309
   6.43922      1.766052
   6.45734      1.841907
   6.47546      1.907201
   6.49359      1.957743
   6.51171      1.990903
   6.52983      2.006200
   6.54796      2.004918
   6.56608      1.991029
   6.58420      1.965464
   6.60233      1.931387
   6.62045      1.891690
   6.63857      1.847724
   6.65670      1.801102
   6.67482      1.752332
   6.69294      1.702461
   6.71107      1.652021
   6.72919      1.601706
   6.74731      1.551821
   6.76544      1.502636
   6.78356      1.454808
   6.80168      1.408084
   6.81980      1.362659
   6.83793      1.318823
   6.85605      1.276710
   6.87417      1.236430
   6.89230      1.197816
   6.91042      1.161461
   6.92854      1.127511
   6.94667      1.095351
   6.96479      1.065365
   6.98291      1.037413
   7.00104      1.011857
   7.00104      1.011857
   7.01150      0.987695
   7.02196      0.964190
   7.03243      0.941137
   7.04289      0.918649
   7.05336      0.896734
   7.06382      0.875396
   7.07428      0.854642
   7.08475      0.834477
   7.09521      0.814907
   7.10567      0.795935
   7.11614      0.777568
   7.12660      0.759809
   7.13706      0.742663
   7.14753      0.726134
   7.15799      0.710225
   7.16845      0.694940
   7.17892      0.680283
   7.18938      0.666256
   7.19984      0.652864
   7.21031      0.640108
   7.22077      0.627991
   7.23123      0.616516
   7.24170      0.606346
   7.25216      0.596154
   7.26262      0.586612
   7.27309      0.578567
   7.28355      0.570324
   7.29401      0.562734
   7.30448      0.555800
   7.31494      0.549522
   7.32541      0.543902
   7.33587      0.538940
   7.34633      0.534644
   7.35680      0.531002
   7.36726      0.528022
   7.37772      0.525704
   7.38819      0.524048
   7.39865      0.523054
   7.40911      0.522722
 
# Band-Index    6
   7.40911      0.522740
   7.39865      0.526397
   7.38819      0.537332
   7.37772      0.555447
   7.36726      0.580581
   7.35680      0.612520
   7.34633      0.651008
   7.33587      0.695169
   7.32541      0.745888
   7.31494      0.802224
   7.30448      0.863846
   7.29401      0.930428
   7.28355      1.001650
   7.27309      1.077206
   7.26262      1.155696
   7.25216      1.239061
   7.24170      1.325938
   7.23123      1.416075
   7.22077      1.509289
   7.21031      1.605363
   7.19984      1.704114
   7.18938      1.805373
   7.17892      1.908985
   7.16845      2.014790
   7.15799      2.122697
   7.14753      2.232565
   7.13706      2.344284
   7.12660      2.457753
   7.11614      2.572877
   7.10567      2.689568
   7.09521      2.807743
   7.08475      2.927326
   7.07428      3.048242
   7.06382      3.170422
   7.05336      3.293797
   7.04289      3.418298
   7.03243      3.543863
   7.02196      3.670425
   7.01150      3.796204
   7.00104      3.924517
   7.00104      3.924516
   6.98291      4.054435
   6.96479      4.187293
   6.94667      4.321631
   6.92854      4.457844
   6.91042      4.595288
   6.89230      4.734112
   6.87417      4.872640
   6.85605      5.010499
   6.83793      5.143891
   6.81980      5.264621
   6.80168      5.349173
   6.78356      5.347514
   6.76544      5.247231
   6.74731      5.101832
   6.72919      4.940129
   6.71107      4.772987
   6.69294      4.605011
   6.67482      4.437762
   6.65670      4.272997
   6.63857      4.111531
   6.62045      3.955360
   6.60233      3.804748
   6.58420      3.663233
   6.56608      3.532068
   6.54796      3.414010
   6.52983      3.312258
   6.51171      3.229078
   6.49359      3.167712
   6.47546      3.125320
   6.45734      3.100963
   6.43922      3.091326
   6.42109      3.090422
   6.40297      3.097466
   6.38485      3.108027
   6.36672      3.119681
   6.34860      3.130655
   6.33048      3.139539
   6.31235      3.145100
   6.29423      3.147013
   6.29423      3.147013
   6.27330      3.144453
   6.25238      3.136902
   6.23145      3.124253
   6.21052      3.108077
   6.18960      3.088499
   6.16867      3.066658
   6.14774      3.043357
   6.12681      3.021151
   6.10589      2.997667
   6.08496      2.975271
   6.06403      2.955133
   6.04311      2.937623
   6.02218      2.923564
   6.00125      2.913326
   5.98033      2.907303
   5.95940      2.905796
   5.93847      2.907186
   5.91755      2.916325
   5.89662      2.929427
   5.87569      2.947555
   5.85476      2.970708
   5.83384      3.032878
   5.81291      3.108205
   5.79198      3.184805
   5.77106      3.262813
   5.75013      3.340282
   5.72920      3.421927
   5.70828      3.504308
   5.68735      3.587975
   5.66642      3.672657
   5.64549      3.757844
   5.62457      3.842816
   5.60364      3.926073
   5.58271      4.005679
   5.56179      4.075150
   5.54086      4.126151
   5.51993      4.145692
   5.49901      4.126337
   5.47808      4.075374
   5.47808      4.075374
   5.46762      4.094715
   5.45715      4.108967
   5.44669      4.118520
   5.43623      4.123976
   5.42576      4.125940
   5.41530      4.125038
   5.40483      4.121868
   5.39437      4.116890
   5.38391      4.110888
   5.37344      4.103459
   5.36298      4.095258
   5.35252      4.086969
   5.34205      4.077840
   5.33159      4.068492
   5.32113      4.059045
   5.31066      4.049842
   5.30020      4.040333
   5.28974      4.031128
   5.27927      4.022127
   5.26881      4.013375
   5.25835      4.004915
   5.24788      3.996779
   5.23742      3.988999
   5.22696      3.981596
   5.21649      3.974596
   5.20603      3.968016
   5.19557      3.961872
   5.18510      3.956046
   5.17464      3.950809
   5.16418      3.946044
   5.15371      3.940267
   5.14325      3.937056
   5.13278      3.933747
   5.12232      3.930938
   5.11186      3.928635
   5.10139      3.926839
   5.09093      3.925546
   5.08047      3.924774
   5.07000      3.924517
   5.07000      3.924517
   5.05188      4.054435
   5.03376      4.187293
   5.01563      4.321631
   4.99751      4.457846
   4.97939      4.595291
   4.96126      4.734113
   4.94314      4.872659
   4.92502      5.010504
   4.90689      5.143885
   4.88877      5.264602
   4.87065      5.349282
   4.85252      5.347511
   4.83440      5.247228
   4.81628      5.101830
   4.79815      4.940128
   4.78003      4.772987
   4.76191      4.605010
   4.74378      4.437762
   4.72566      4.272997
   4.70754      4.111531
   4.68942      3.955360
   4.67129      3.804747
   4.65317      3.663233
   4.63505      3.532068
   4.61692      3.414010
   4.59880      3.312258
   4.58068      3.229078
   4.56255      3.167712
   4.54443      3.125320
   4.52631      3.100963
   4.50818      3.091326
   4.49006      3.090422
   4.47194      3.097466
   4.45381      3.108027
   4.43569      3.119681
   4.41757      3.130655
   4.39944      3.139539
   4.38132      3.145100
   4.36320      3.147013
   4.36320      3.147013
   4.33757      3.148361
   4.31194      3.152084
   4.28631      3.158108
   4.26068      3.167121
   4.23505      3.178408
   4.20942      3.191733
   4.18379      3.206774
   4.15815      3.223164
   4.13252      3.240453
   4.10689      3.258115
   4.08126      3.275540
   4.05563      3.292031
   4.03000      3.305323
   4.00437      3.317570
   3.97874      3.326273
   3.95311      3.330533
   3.92748      3.330628
   3.90185      3.323119
   3.87622      3.308585
   3.85059      3.286471
   3.82496      3.256472
   3.79933      3.218615
   3.77370      3.173210
   3.74807      3.121294
   3.72244      3.063572
   3.69681      3.000369
   3.67118      2.933573
   3.64555      2.864913
   3.61992      2.795091
   3.59429      2.726118
   3.56866      2.659052
   3.54303      2.595508
   3.51740      2.536873
   3.49177      2.484479
   3.46614      2.439582
   3.44051      2.403012
   3.41488      2.376391
   3.38925      2.360097
   3.36362      2.354607
   3.36362      2.354607
   3.33223      2.361283
   3.30084      2.381246
   3.26945      2.412996
   3.23806      2.455436
   3.20667      2.507173
   3.17528      2.566720
   3.14389      2.633183
   3.11250      2.681579
   3.08111      2.712268
   3.04972      2.740474
   3.01832      2.766966
   2.98693      2.831290
   2.95554      2.913219
   2.92415      3.002479
   2.89276      3.098063
   2.86137      3.200154
   2.82998      3.307621
   2.79859      3.422613
   2.76720      3.544089
   2.73581      3.670826
   2.70442      3.805317
   2.67303      3.946431
   2.64164      4.092933
   2.61025      4.246116
   2.57886      4.405515
   2.54747      4.572627
   2.51608      4.744059
   2.48469      4.920440
   2.45330      5.104054
   2.42191      5.292998
   2.39052      5.488196
   2.35913      5.689046
   2.32774      5.898141
   2.29635      5.824790
   2.26495      5.485626
   2.23356      5.102525
   2.20217      4.708901
   2.17078      4.314647
   2.13939      3.924516
   2.13939      3.924516
   2.12893      3.924774
   2.11847      3.925545
   2.10800      3.926839
   2.09754      3.928634
   2.08708      3.930938
   2.07661      3.933746
   2.06615      3.937055
   2.05569      3.940267
   2.04522      3.946044
   2.03476      3.950809
   2.02429      3.956045
   2.01383      3.961872
   2.00337      3.968016
   1.99290      3.974596
   1.98244      3.981596
   1.97198      3.988997
   1.96151      3.996778
   1.95105      4.004913
   1.94059      4.013374
   1.93012      4.022125
   1.91966      4.031128
   1.90920      4.040333
   1.89873      4.049842
   1.88827      4.059045
   1.87781      4.068492
   1.86734      4.077840
   1.85688      4.086969
   1.84642      4.095258
   1.83595      4.103471
   1.82549      4.110901
   1.81503      4.116894
   1.80456      4.121872
   1.79410      4.125054
   1.78364      4.125947
   1.77317      4.123984
   1.76271      4.118538
   1.75224      4.108975
   1.74178      4.094722
   1.73132      4.075374
   1.73132      4.075374
   1.71652      4.044118
   1.70172      3.963407
   1.68692      3.854853
   1.67213      3.732418
   1.65733      3.603183
   1.64253      3.470715
   1.62773      3.337298
   1.61294      3.204293
   1.59814      3.070380
   1.58334      2.937852
   1.56854      2.806330
   1.55375      2.676686
   1.53895      2.548831
   1.52415      2.422953
   1.50935      2.299227
   1.49456      2.177818
   1.47976      2.059230
   1.46496      1.942911
   1.45016      1.829428
   1.43537      1.718938
   1.42057      1.611628
   1.40577      1.507701
   1.39097      1.407371
   1.37618      1.310868
   1.36138      1.218440
   1.34658      1.131924
   1.33178      1.048462
   1.31699      0.969926
   1.30219      0.896631
   1.28739      0.828939
   1.27259      0.767117
   1.25779      0.711538
   1.24300      0.662536
   1.22820      0.620430
   1.21340      0.585867
   1.19860      0.558424
   1.18381      0.538656
   1.16901      0.526728
   1.15421      0.522740
   1.15421      0.522740
   1.12462      0.572565
   1.09502      0.629809
   1.06543      0.695421
   1.03583      0.769084
   1.00624      0.850042
   0.97664      0.940021
   0.94705      1.038268
   0.91745      1.146172
   0.88786      1.260856
   0.85826      1.384124
   0.82866      1.515682
   0.79907      1.655449
   0.76947      1.803892
   0.73988      1.959588
   0.71028      2.122875
   0.68069      2.293361
   0.65109      2.470512
   0.62150      2.653603
   0.59190      2.841644
   0.56231      3.032937
   0.53271      3.226272
   0.50312      3.418603
   0.47352      3.606016
   0.44393      3.782767
   0.41433      3.940462
   0.38474      4.066428
   0.35514      3.925779
   0.32555      3.727987
   0.29595      3.537310
   0.26636      3.352601
   0.23676      3.176291
   0.20717      3.010175
   0.17757      2.855965
   0.14798      2.716370
   0.11838      2.594453
   0.08879      2.493759
   0.05919      2.418052
   0.02960      2.370609
   0.00000      2.354607
 
# Band-Index    7
   0.00000      2.354607
   0.02960      2.370620
   0.05919      2.418063
   0.08879      2.493768
   0.11838      2.594464
   0.14798      2.716381
   0.17757      2.855976
   0.20717      3.010186
   0.23676      3.176302
   0.26636      3.352612
   0.29595      3.537321
   0.32555      3.727999
   0.35514      3.925791
   0.38474      4.127370
   0.41433      4.336132
   0.44393      4.547459
   0.47352      4.762236
   0.50312      4.980080
   0.53271      5.200658
   0.56231      5.423701
   0.59190      5.651817
   0.62150      5.879049
   0.65109      6.108168
   0.68069      6.339034
   0.71028      6.571540
   0.73988      6.805589
   0.76947      7.041505
   0.79907      7.277909
   0.82866      7.516018
   0.85826      7.755238
   0.88786      7.995380
   0.91745      8.243842
   0.94705      8.483040
   0.97664      8.723046
   1.00624      8.961041
   1.03583      9.201383
   1.06543      9.425269
   1.09502      9.628674
   1.12462      9.786725
   1.15421      9.851799
   1.15421      9.851799
   1.16901      9.845243
   1.18381      9.825920
   1.19860      9.793018
   1.21340      9.745237
   1.22820      9.678040
   1.24300      9.597061
   1.25779      9.500060
   1.27259      9.388546
   1.28739      9.264602
   1.30219      9.129692
   1.31699      8.987272
   1.33178      8.838550
   1.34658      8.684908
   1.36138      8.523794
   1.37618      8.363403
   1.39097      8.200854
   1.40577      8.036754
   1.42057      7.871501
   1.43537      7.705500
   1.45016      7.539059
   1.46496      7.372445
   1.47976      7.207175
   1.49456      7.039825
   1.50935      6.873905
   1.52415      6.708584
   1.53895      6.544027
   1.55375      6.380404
   1.56854      6.217900
   1.58334      6.057692
   1.59814      5.898064
   1.61294      5.740975
   1.62773      5.585007
   1.64253      5.430561
   1.65733      5.282429
   1.67213      5.140386
   1.68692      5.007997
   1.70172      4.892340
   1.71652      4.807375
   1.73132      4.774713
   1.73132      4.774713
   1.74178      4.766533
   1.75224      4.787673
   1.76271      4.830260
   1.77317      4.887056
   1.78364      4.953114
   1.79410      5.025206
   1.80456      5.082246
   1.81503      5.142139
   1.82549      5.204768
   1.83595      5.269186
   1.84642      5.335363
   1.85688      5.403695
   1.86734      5.472765
   1.87781      5.543004
   1.88827      5.614274
   1.89873      5.687750
   1.90920      5.759845
   1.91966      5.833493
   1.93012      5.907767
   1.94059      5.982588
   1.95105      6.057879
   1.96151      6.133568
   1.97198      6.209583
   1.98244      6.285850
   1.99290      6.362170
   2.00337      6.438628
   2.01383      6.515041
   2.02429      6.590371
   2.03476      6.666252
   2.04522      6.741403
   2.05569      6.815171
   2.06615      6.888795
   2.07661      6.959985
   2.08708      7.028364
   2.09754      7.092217
   2.10800      7.149656
   2.11847      7.195823
   2.12893      7.227882
   2.13939      7.239374
   2.13939      7.239374
   2.17078      7.006122
   2.20217      6.775198
   2.23356      6.548632
   2.26495      6.326733
   2.29635      6.109766
   2.32774      6.012607
   2.35913      5.969023
   2.39052      5.821085
   2.42191      5.645376
   2.45330      5.465232
   2.48469      5.283132
   2.51608      5.104882
   2.54747      4.930175
   2.57886      4.756438
   2.61025      4.591986
   2.64164      4.433044
   2.67303      4.281780
   2.70442      4.130303
   2.73581      3.987923
   2.76720      3.851615
   2.79859      3.720918
   2.82998      3.595970
   2.86137      3.473691
   2.89276      3.359482
   2.92415      3.250610
   2.95554      3.146151
   2.98693      3.048875
   3.01832      2.955442
   3.04972      2.867052
   3.08111      2.783651
   3.11250      2.705711
   3.14389      2.649125
   3.17528      2.613402
   3.20667      2.573194
   3.23806      2.526523
   3.26945      2.472818
   3.30084      2.416947
   3.33223      2.372006
   3.36362      2.354613
   3.36362      2.354613
   3.38925      2.361969
   3.41488      2.380166
   3.44051      2.403022
   3.46614      2.439595
   3.49177      2.484504
   3.51740      2.536911
   3.54303      2.595510
   3.56866      2.659055
   3.59429      2.726121
   3.61992      2.795091
   3.64555      2.864913
   3.67118      2.933573
   3.69681      3.000369
   3.72244      3.063574
   3.74807      3.121295
   3.77370      3.173211
   3.79933      3.218616
   3.82496      3.256473
   3.85059      3.286472
   3.87622      3.308586
   3.90185      3.323119
   3.92748      3.330634
   3.95311      3.330537
   3.97874      3.326276
   4.00437      3.317574
   4.03000      3.305323
   4.05563      3.292031
   4.08126      3.275540
   4.10689      3.258115
   4.13252      3.240453
   4.15815      3.223164
   4.18379      3.206774
   4.20942      3.191733
   4.23505      3.178408
   4.26068      3.167121
   4.28631      3.158108
   4.31194      3.152084
   4.33757      3.148361
   4.36320      3.147013
   4.36320      3.147013
   4.38132      3.151206
   4.39944      3.163757
   4.41757      3.184549
   4.43569      3.213337
   4.45381      3.250225
   4.47194      3.295011
   4.49006      3.347348
   4.50818      3.406976
   4.52631      3.473555
   4.54443      3.546935
   4.56255      3.626756
   4.58068      3.711705
   4.59880      3.803519
   4.61692      3.899266
   4.63505      4.004072
   4.65317      4.111841
   4.67129      4.223094
   4.68942      4.340218
   4.70754      4.461678
   4.72566      4.587203
   4.74378      4.716677
   4.76191      4.849832
   4.78003      4.985982
   4.79815      5.125824
   4.81628      5.268681
   4.83440      5.414252
   4.85252      5.564158
   4.87065      5.714475
   4.88877      5.866561
   4.90689      6.019972
   4.92502      6.174097
   4.94314      6.328145
   4.96126      6.481789
   4.97939      6.631855
   4.99751      6.777073
   5.01563      6.914581
   5.03376      7.040599
   5.05188      7.149524
   5.07000      7.239770
   5.07000      7.239770
   5.08047      7.230348
   5.09093      7.199333
   5.10139      7.153444
   5.11186      7.095241
   5.12232      7.031043
   5.13278      6.962631
   5.14325      6.891372
   5.15371      6.815373
   5.16418      6.741589
   5.17464      6.666280
   5.18510      6.590413
   5.19557      6.515083
   5.20603      6.438663
   5.21649      6.362198
   5.22696      6.285797
   5.23742      6.209699
   5.24788      6.133666
   5.25835      6.057961
   5.26881      5.982657
   5.27927      5.907825
   5.28974      5.833502
   5.30020      5.759852
   5.31066      5.687755
   5.32113      5.614277
   5.33159      5.543007
   5.34205      5.472767
   5.35252      5.403698
   5.36298      5.335372
   5.37344      5.269172
   5.38391      5.204754
   5.39437      5.142207
   5.40483      5.082299
   5.41530      5.025190
   5.42576      4.953096
   5.43623      4.887040
   5.44669      4.830217
   5.45715      4.787663
   5.46762      4.766529
   5.47808      4.774713
   5.47808      4.774713
   5.49901      4.719026
   5.51993      4.700875
   5.54086      4.727483
   5.56179      4.791375
   5.58271      4.880617
   5.60364      4.983200
   5.62457      5.096533
   5.64549      5.216240
   5.66642      5.343613
   5.68735      5.475110
   5.70828      5.610905
   5.72920      5.750973
   5.75013      5.894180
   5.77106      6.043091
   5.79198      6.194152
   5.81291      6.347466
   5.83384      6.305850
   5.85476      6.061106
   5.87569      5.816945
   5.89662      5.577118
   5.91755      5.342729
   5.93847      5.112913
   5.95940      4.892369
   5.98033      4.680322
   6.00125      4.478032
   6.02218      4.286865
   6.04311      4.108257
   6.06403      3.944208
   6.08496      3.794811
   6.10589      3.663555
   6.12681      3.547191
   6.14774      3.446240
   6.16867      3.362299
   6.18960      3.293620
   6.21052      3.239226
   6.23145      3.198094
   6.25238      3.169568
   6.27330      3.152617
   6.29423      3.147013
   6.29423      3.147013
   6.31235      3.151206
   6.33048      3.163757
   6.34860      3.184549
   6.36672      3.213337
   6.38485      3.250225
   6.40297      3.295011
   6.42109      3.347348
   6.43922      3.406976
   6.45734      3.473555
   6.47546      3.546935
   6.49359      3.626756
   6.51171      3.711705
   6.52983      3.803519
   6.54796      3.899266
   6.56608      4.004072
   6.58420      4.111841
   6.60233      4.223094
   6.62045      4.340218
   6.63857      4.461678
   6.65670      4.587203
   6.67482      4.716677
   6.69294      4.849832
   6.71107      4.985983
   6.72919      5.125825
   6.74731      5.268682
   6.76544      5.414253
   6.78356      5.564160
   6.80168      5.714514
   6.81980      5.866642
   6.83793      6.020093
   6.85605      6.174235
   6.87417      6.328083
   6.89230      6.481786
   6.91042      6.631812
   6.92854      6.777043
   6.94667      6.914557
   6.96479      7.040532
   6.98291      7.149356
   7.00104      7.239374
   7.00104      7.239770
   7.01150      7.318838
   7.02196      7.398674
   7.03243      7.478458
   7.04289      7.558581
   7.05336      7.639797
   7.06382      7.720677
   7.07428      7.801833
   7.08475      7.883170
   7.09521      7.964727
   7.10567      8.046431
   7.11614      8.128224
   7.12660      8.210026
   7.13706      8.291748
   7.14753      8.372163
   7.15799      8.453452
   7.16845      8.534435
   7.17892      8.616911
   7.18938      8.696925
   7.19984      8.776310
   7.21031      8.854960
   7.22077      8.932774
   7.23123      9.009630
   7.24170      9.085656
   7.25216      9.160017
   7.26262      9.232672
   7.27309      9.307817
   7.28355      9.376137
   7.29401      9.441821
   7.30448      9.504456
   7.31494      9.563586
   7.32541      9.618717
   7.33587      9.669316
   7.34633      9.716470
   7.35680      9.756165
   7.36726      9.789635
   7.37772      9.816344
   7.38819      9.835827
   7.39865      9.847723
   7.40911      9.851799
 
# Band-Index    8
   7.40911      9.853048
   7.39865      9.850634
   7.38819      9.843971
   7.37772      9.833116
   7.36726      9.818171
   7.35680      9.799267
   7.34633      9.776571
   7.33587      9.748307
   7.32541      9.718642
   7.31494      9.685845
   7.30448      9.650164
   7.29401      9.611871
   7.28355      9.571279
   7.27309      9.528750
   7.26262      9.484182
   7.25216      9.438968
   7.24170      9.392699
   7.23123      9.349498
   7.22077      9.303295
   7.21031      9.256891
   7.19984      9.209570
   7.18938      9.160327
   7.17892      9.108166
   7.16845      9.052507
   7.15799      8.992335
   7.14753      8.927970
   7.13706      8.862796
   7.12660      8.790452
   7.11614      8.715474
   7.10567      8.638401
   7.09521      8.559592
   7.08475      8.479261
   7.07428      8.397551
   7.06382      8.314507
   7.05336      8.230223
   7.04289      8.142948
   7.03243      8.056321
   7.02196      7.970796
   7.01150      7.886672
   7.00104      7.803584
   7.00104      7.798470
   6.98291      7.657319
   6.96479      7.475140
   6.94667      7.285172
   6.92854      7.094239
   6.91042      6.903564
   6.89230      6.715015
   6.87417      6.529335
   6.85605      6.347869
   6.83793      6.173698
   6.81980      6.015334
   6.80168      5.896378
   6.78356      5.866443
   6.76544      5.936257
   6.74731      6.057369
   6.72919      6.198056
   6.71107      6.347685
   6.69294      6.504074
   6.67482      6.661000
   6.65670      6.819094
   6.63857      6.976642
   6.62045      7.133112
   6.60233      7.285993
   6.58420      7.434556
   6.56608      7.569527
   6.54796      7.686413
   6.52983      7.775948
   6.51171      7.830231
   6.49359      7.848217
   6.47546      7.836294
   6.45734      7.804611
   6.43922      7.761804
   6.42109      7.714210
   6.40297      7.666514
   6.38485      7.621821
   6.36672      7.582686
   6.34860      7.550592
   6.33048      7.526707
   6.31235      7.512040
   6.29423      7.507095
   6.29423      7.507095
   6.27330      7.513682
   6.25238      7.533146
   6.23145      7.564435
   6.21052      7.606337
   6.18960      7.656391
   6.16867      7.711853
   6.14774      7.768840
   6.12681      7.822639
   6.10589      7.866487
   6.08496      7.895491
   6.06403      7.903495
   6.04311      7.886048
   6.02218      7.843532
   6.00125      7.777655
   5.98033      7.691064
   5.95940      7.572906
   5.93847      7.394540
   5.91755      7.206717
   5.89662      7.023569
   5.87569      6.848575
   5.85476      6.681921
   5.83384      6.523848
   5.81291      6.572712
   5.79198      6.562675
   5.77106      6.427176
   5.75013      6.291401
   5.72920      6.158074
   5.70828      6.025822
   5.68735      5.895343
   5.66642      5.766646
   5.64549      5.640017
   5.62457      5.515908
   5.60364      5.394485
   5.58271      5.276844
   5.56179      5.162178
   5.54086      5.052378
   5.51993      4.948888
   5.49901      4.854550
   5.47808      4.774737
   5.47808      4.774737
   5.46762      4.802611
   5.45715      4.836727
   5.44669      4.876620
   5.43623      4.921818
   5.42576      4.971562
   5.41530      5.025307
   5.40483      5.101971
   5.39437      5.181778
   5.38391      5.264130
   5.37344      5.348318
   5.36298      5.434134
   5.35252      5.522678
   5.34205      5.611051
   5.33159      5.700498
   5.32113      5.790914
   5.31066      5.883062
   5.30020      5.975084
   5.28974      6.067964
   5.27927      6.161614
   5.26881      6.255882
   5.25835      6.350780
   5.24788      6.446270
   5.23742      6.542318
   5.22696      6.638638
   5.21649      6.735728
   5.20603      6.833122
   5.19557      6.930891
   5.18510      7.028395
   5.17464      7.126767
   5.16418      7.225377
   5.15371      7.322660
   5.14325      7.435457
   5.13278      7.535458
   5.12232      7.635202
   5.11186      7.736407
   5.10139      7.851925
   5.09093      7.844882
   5.08047      7.824953
   5.07000      7.803584
   5.07000      7.803584
   5.05188      7.656774
   5.03376      7.474544
   5.01563      7.284833
   4.99751      7.094121
   4.97939      6.903574
   4.96126      6.715009
   4.94314      6.529366
   4.92502      6.347682
   4.90689      6.173559
   4.88877      6.015261
   4.87065      5.896470
   4.85252      5.866443
   4.83440      5.936258
   4.81628      6.057371
   4.79815      6.198059
   4.78003      6.347963
   4.76191      6.504066
   4.74378      6.660962
   4.72566      6.819042
   4.70754      6.976581
   4.68942      7.133045
   4.67129      7.285989
   4.65317      7.434702
   4.63505      7.569751
   4.61692      7.686844
   4.59880      7.776439
   4.58068      7.830559
   4.56255      7.848693
   4.54443      7.836490
   4.52631      7.804668
   4.50818      7.761927
   4.49006      7.714262
   4.47194      7.666608
   4.45381      7.621859
   4.43569      7.582701
   4.41757      7.550597
   4.39944      7.526708
   4.38132      7.512040
   4.36320      7.507095
   4.36320      7.507095
   4.33757      7.509179
   4.31194      7.515006
   4.28631      7.525155
   4.26068      7.539069
   4.23505      7.556328
   4.20942      7.576532
   4.18379      7.598925
   4.15815      7.621680
   4.13252      7.643288
   4.10689      7.661043
   4.08126      7.671119
   4.05563      7.668477
   4.03000      7.645671
   4.00437      7.599397
   3.97874      7.478629
   3.95311      7.341206
   3.92748      7.187464
   3.90185      6.968218
   3.87622      6.761992
   3.85059      6.547911
   3.82496      6.325429
   3.79933      6.101157
   3.77370      5.872440
   3.74807      5.643096
   3.72244      5.412648
   3.69681      5.181403
   3.67118      4.950438
   3.64555      4.720867
   3.61992      4.493643
   3.59429      4.270742
   3.56866      4.054134
   3.54303      3.847060
   3.51740      3.653793
   3.49177      3.479430
   3.46614      3.330666
   3.44051      3.213539
   3.41488      3.131895
   3.38925      3.084897
   3.36362      3.069780
   3.36362      3.069780
   3.33223      3.092434
   3.30084      3.162607
   3.26945      3.282974
   3.23806      3.451497
   3.20667      3.659143
   3.17528      3.893443
   3.14389      4.142245
   3.11250      4.393896
   3.08111      4.637047
   3.04972      4.859946
   3.01832      5.050722
   2.98693      5.200582
   2.95554      5.305615
   2.92415      5.370040
   2.89276      5.405853
   2.86137      5.423524
   2.82998      5.433553
   2.79859      5.442139
   2.76720      5.456761
   2.73581      5.481088
   2.70442      5.517807
   2.67303      5.567902
   2.64164      5.632359
   2.61025      5.710430
   2.57886      5.801534
   2.54747      5.905725
   2.51608      6.019579
   2.48469      6.143725
   2.45330      6.277995
   2.42191      6.422680
   2.39052      6.574053
   2.35913      6.729250
   2.32774      6.780698
   2.29635      6.762041
   2.26495      6.905407
   2.23356      7.103825
   2.20217      7.326243
   2.17078      7.560174
   2.13939      7.798470
   2.13939      7.798470
   2.12893      7.809774
   2.11847      7.841574
   2.10800      7.801864
   2.09754      7.710899
   2.08708      7.622683
   2.07661      7.555166
   2.06615      7.491353
   2.05569      7.464378
   2.04522      7.319034
   2.03476      7.126560
   2.02429      7.028231
   2.01383      6.930795
   2.00337      6.833062
   1.99290      6.735688
   1.98244      6.638783
   1.97198      6.542239
   1.96151      6.446207
   1.95105      6.350725
   1.94059      6.255833
   1.93012      6.161569
   1.91966      6.067973
   1.90920      5.975091
   1.89873      5.883066
   1.88827      5.790917
   1.87781      5.700500
   1.86734      5.611054
   1.85688      5.522685
   1.84642      5.434132
   1.83595      5.348455
   1.82549      5.264245
   1.81503      5.181792
   1.80456      5.101987
   1.79410      5.025377
   1.78364      4.971528
   1.77317      4.921793
   1.76271      4.876639
   1.75224      4.836717
   1.74178      4.802608
   1.73132      4.774737
   1.73132      4.774737
   1.71652      4.807429
   1.70172      4.892422
   1.68692      5.008105
   1.67213      5.140521
   1.65733      5.282595
   1.64253      5.430764
   1.62773      5.585046
   1.61294      5.741020
   1.59814      5.898098
   1.58334      6.057728
   1.56854      6.217943
   1.55375      6.380451
   1.53895      6.544078
   1.52415      6.708640
   1.50935      6.873967
   1.49456      7.039893
   1.47976      7.207248
   1.46496      7.372529
   1.45016      7.539239
   1.43537      7.705579
   1.42057      7.871558
   1.40577      8.036806
   1.39097      8.200962
   1.37618      8.363590
   1.36138      8.524221
   1.34658      8.685374
   1.33178      8.839360
   1.31699      8.988879
   1.30219      9.133502
   1.28739      9.267376
   1.27259      9.391761
   1.25779      9.503601
   1.24300      9.600671
   1.22820      9.681399
   1.21340      9.747995
   1.19860      9.795186
   1.18381      9.827544
   1.16901      9.846451
   1.15421      9.853048
   1.15421      9.853048
   1.12462      9.786988
   1.09502      9.628702
   1.06543      9.425284
   1.03583      9.201395
   1.00624      8.961045
   0.97664      8.723047
   0.94705      8.483042
   0.91745      8.243854
   0.88786      7.995385
   0.85826      7.755240
   0.82866      7.516021
   0.79907      7.277929
   0.76947      7.041614
   0.73988      6.805618
   0.71028      6.571555
   0.68069      6.339048
   0.65109      6.108184
   0.62150      5.879063
   0.59190      5.651844
   0.56231      5.423715
   0.53271      5.200672
   0.50312      4.980093
   0.47352      4.762249
   0.44393      4.547470
   0.41433      4.336145
   0.38474      4.127382
   0.35514      4.150361
   0.32555      4.176150
   0.29595      4.142144
   0.26636      4.056709
   0.23676      3.934992
   0.20717      3.792559
   0.17757      3.641835
   0.14798      3.493524
   0.11838      3.356442
   0.08879      3.238630
   0.05919      3.147554
   0.02960      3.089583
   0.00000      3.069777
